Molecule,sp2 Pair Count C-O,sp2 Pair Count O-S,sp2 Total Count,sp3 Pair Count C-C,sp3 Pair Count C-F,sp3 Pair Count C-H,sp3 Pair Count C-N,sp3 Pair Count C-O,sp3 Pair Count C-S,sp3 Pair Count H-N,sp3 Pair Count H-O,sp3 Pair Count N-S,sp3 Pair Count O-S,sp3 Total Count,Num. Atoms C,Num. Atoms F,Num. Atoms H,Num. Atoms N,Num. Atoms O,Num. Atoms S,SMILES,Torsions Number of Rot. Bonds,C-C-C-C Torsions,C-C-C-F Torsions,C-C-C-H Torsions,C-C-C-S Torsions,C-C-O-H Torsions,C-C-S-N Torsions,C-C-S-O Torsions,C-S-N-C Torsions,C-S-N-H Torsions,C-S-O-H Torsions,F-C-C-C Torsions,F-C-C-F Torsions,F-C-C-H Torsions,F-C-C-S Torsions,F-C-S-N Torsions,F-C-S-O Torsions,H-C-C-C Torsions,H-C-C-F Torsions,H-C-C-H Torsions,H-C-C-O Torsions,H-C-C-S Torsions,H-C-S-N Torsions,H-C-S-O Torsions,H-N-C-C Torsions,H-N-C-H Torsions,N-C-C-O Torsions,O-C-O-H Torsions,O-S-C-C Torsions,O-S-C-H Torsions,O-S-N-C Torsions,O-S-N-H Torsions,O-S-O-H Torsions,S-C-C-C Torsions,S-C-C-H Torsions,S-N-C-C Torsions,S-N-C-H Torsions
pfhps.log,0.0,0.0,0.0,6.0,15,0.0,0.0,0.0,1,0.0,1.0,0.0,3.0,26,7,15,1,0.0,3,1,O=S(=O)(O)C(F)(F)C(F)(F)C(F)(F)C(F)(F)C(F)(F)C(F)(F)C(F)(F)F,8,4.0,13.0,0.0,1.0,0.0,0.0,3.0,0.0,0.0,1.0,8.0,26.0,0.0,2.0,0.0,6.0,0.0,0.0,0.0,0.0,0.0,0.0,0.0,0.0,0.0,0.0,0.0,0.0,0.0,0.0,0.0,2.0,0.0,0.0,0.0,0.0
fbsa.log,0.0,2.0,2.0,3.0,9,0.0,0.0,0.0,1,2.0,0.0,1.0,0.0,16,4,9,2,1.0,2,1,NS(=O)(=O)C(F)(F)C(F)(F)C(F)(F)C(F)(F)F,5,1.0,4.0,0.0,1.0,0.0,1.0,2.0,0.0,2.0,0.0,5.0,14.0,0.0,2.0,2.0,4.0,0.0,0.0,0.0,0.0,0.0,0.0,0.0,0.0,0.0,0.0,0.0,0.0,0.0,0.0,4.0,0.0,0.0,0.0,0.0,0.0
fosa.log,0.0,2.0,2.0,7.0,17,0.0,0.0,0.0,1,2.0,0.0,1.0,0.0,28,8,17,2,1.0,2,1,NS(=O)(=O)C(F)(F)C(F)(F)C(F)(F)C(F)(F)C(F)(F)C(F)(F)C(F)(F)C(F)(F)F,9,5.0,15.0,0.0,1.0,0.0,1.0,2.0,0.0,2.0,0.0,10.0,30.0,0.0,2.0,2.0,4.0,0.0,0.0,0.0,0.0,0.0,0.0,0.0,0.0,0.0,0.0,0.0,0.0,0.0,0.0,4.0,0.0,0.0,0.0,0.0,0.0
52_ftsa.log,0.0,2.0,2.0,6.0,11,4.0,0.0,0.0,1,2.0,0.0,1.0,0.0,25,7,11,6,1.0,2,1,NS(=O)(=O)CCC(F)(F)C(F)(F)C(F)(F)C(F)(F)C(F)(F)F,8,4.0,9.0,4.0,1.0,0.0,1.0,2.0,0.0,2.0,0.0,8.0,18.0,4.0,0.0,0.0,0.0,0.0,0.0,4.0,0.0,2.0,2.0,4.0,0.0,0.0,0.0,0.0,0.0,0.0,0.0,4.0,0.0,0.0,0.0,0.0,0.0
22_fts.log,0.0,0.0,0.0,3.0,5,4.0,0.0,0.0,1,0.0,1.0,0.0,3.0,17,4,5,5,0.0,3,1,O=S(=O)(O)CCC(F)(F)C(F)(F)F,5,1.0,5.0,0.0,0.0,0.0,0.0,0.0,0.0,0.0,1.0,0.0,6.0,0.0,0.0,0.0,0.0,4.0,4.0,4.0,0.0,0.0,0.0,0.0,0.0,0.0,0.0,0.0,3.0,6.0,0.0,0.0,2.0,1.0,2.0,0.0,0.0
triflic.log,0.0,0.0,0.0,0.0,3,0.0,0.0,0.0,1,0.0,1.0,0.0,3.0,8,1,3,1,0.0,3,1,O=S(=O)(O)C(F)(F)F,2,0.0,0.0,0.0,0.0,0.0,0.0,0.0,0.0,0.0,1.0,0.0,0.0,0.0,0.0,0.0,9.0,0.0,0.0,0.0,0.0,0.0,0.0,0.0,0.0,0.0,0.0,0.0,0.0,0.0,0.0,0.0,2.0,0.0,0.0,0.0,0.0
pfprs.log,0.0,0.0,0.0,2.0,7,0.0,0.0,0.0,1,0.0,1.0,0.0,3.0,14,3,7,1,0.0,3,1,O=S(=O)(O)C(F)(F)C(F)(F)C(F)(F)F,4,0.0,2.0,0.0,1.0,0.0,0.0,3.0,0.0,0.0,1.0,3.0,10.0,0.0,2.0,0.0,6.0,0.0,0.0,0.0,0.0,0.0,0.0,0.0,0.0,0.0,0.0,0.0,0.0,0.0,0.0,0.0,2.0,0.0,0.0,0.0,0.0
pfets.log,0.0,0.0,0.0,1.0,5,0.0,0.0,0.0,1,0.0,1.0,0.0,3.0,11,2,5,1,0.0,3,1,O=S(=O)(O)C(F)(F)C(F)(F)F,3,0.0,0.0,0.0,0.0,0.0,0.0,3.0,0.0,0.0,1.0,0.0,6.0,0.0,3.0,0.0,6.0,0.0,0.0,0.0,0.0,0.0,0.0,0.0,0.0,0.0,0.0,0.0,0.0,0.0,0.0,0.0,2.0,0.0,0.0,0.0,0.0
42_fts.log,0.0,0.0,0.0,5.0,9,4.0,0.0,0.0,1,0.0,1.0,0.0,3.0,23,6,9,5,0.0,3,1,O=S(=O)(O)CCC(F)(F)C(F)(F)C(F)(F)C(F)(F)F,7,3.0,7.0,4.0,1.0,0.0,0.0,3.0,0.0,0.0,1.0,6.0,14.0,4.0,0.0,0.0,0.0,0.0,0.0,4.0,0.0,2.0,0.0,6.0,0.0,0.0,0.0,0.0,0.0,0.0,0.0,0.0,2.0,0.0,0.0,0.0,0.0
32_ftsa.log,0.0,2.0,2.0,4.0,7,4.0,0.0,0.0,1,2.0,0.0,1.0,0.0,19,5,7,6,1.0,2,1,NS(=O)(=O)CCC(F)(F)C(F)(F)C(F)(F)F,6,2.0,5.0,4.0,1.0,0.0,1.0,2.0,0.0,2.0,0.0,4.0,10.0,4.0,0.0,0.0,0.0,0.0,0.0,4.0,0.0,2.0,2.0,4.0,0.0,0.0,0.0,0.0,0.0,0.0,0.0,4.0,0.0,0.0,0.0,0.0,0.0
pfos.log,0.0,0.0,0.0,7.0,17,0.0,0.0,0.0,1,0.0,1.0,0.0,3.0,29,8,17,1,0.0,3,1,O=S(=O)(O)C(F)(F)C(F)(F)C(F)(F)C(F)(F)C(F)(F)C(F)(F)C(F)(F)C(F)(F)F,9,5.0,15.0,0.0,1.0,0.0,0.0,3.0,0.0,0.0,1.0,10.0,30.0,0.0,2.0,0.0,6.0,0.0,0.0,0.0,0.0,0.0,0.0,0.0,0.0,0.0,0.0,0.0,0.0,0.0,0.0,0.0,2.0,0.0,0.0,0.0,0.0
fprsa.log,0.0,2.0,2.0,2.0,7,0.0,0.0,0.0,1,2.0,0.0,1.0,0.0,13,3,7,2,1.0,2,1,NS(=O)(=O)C(F)(F)C(F)(F)C(F)(F)F,4,0.0,2.0,0.0,1.0,0.0,1.0,2.0,0.0,2.0,0.0,3.0,10.0,0.0,2.0,2.0,4.0,0.0,0.0,0.0,0.0,0.0,0.0,0.0,0.0,0.0,0.0,0.0,0.0,0.0,0.0,4.0,0.0,0.0,0.0,0.0,0.0
42_ftsa.log,0.0,2.0,2.0,5.0,9,4.0,0.0,0.0,1,2.0,0.0,1.0,0.0,22,6,9,6,1.0,2,1,NS(=O)(=O)CCC(F)(F)C(F)(F)C(F)(F)C(F)(F)F,7,3.0,7.0,4.0,1.0,0.0,1.0,2.0,0.0,2.0,0.0,6.0,14.0,4.0,0.0,0.0,0.0,0.0,0.0,4.0,0.0,2.0,2.0,4.0,0.0,0.0,0.0,0.0,0.0,0.0,0.0,4.0,0.0,0.0,0.0,0.0,0.0
52_fts.log,0.0,0.0,0.0,6.0,11,4.0,0.0,0.0,1,0.0,1.0,0.0,3.0,26,7,11,5,0.0,3,1,O=S(=O)(O)CCC(F)(F)C(F)(F)C(F)(F)C(F)(F)C(F)(F)F,8,4.0,9.0,4.0,1.0,0.0,0.0,3.0,0.0,0.0,1.0,8.0,18.0,4.0,0.0,0.0,0.0,0.0,0.0,4.0,0.0,2.0,0.0,6.0,0.0,0.0,0.0,0.0,0.0,0.0,0.0,0.0,2.0,0.0,0.0,0.0,0.0
pfpes.log,0.0,0.0,0.0,4.0,11,0.0,0.0,0.0,1,0.0,1.0,0.0,3.0,20,5,11,1,0.0,3,1,O=S(=O)(O)C(F)(F)C(F)(F)C(F)(F)C(F)(F)C(F)(F)F,6,2.0,9.0,0.0,1.0,0.0,0.0,3.0,0.0,0.0,1.0,4.0,18.0,0.0,2.0,0.0,6.0,0.0,0.0,0.0,0.0,0.0,0.0,0.0,0.0,0.0,0.0,0.0,0.0,0.0,0.0,0.0,2.0,0.0,0.0,0.0,0.0
fhpsa.log,0.0,2.0,2.0,6.0,15,0.0,0.0,0.0,1,2.0,0.0,1.0,0.0,25,7,15,2,1.0,2,1,NS(=O)(=O)C(F)(F)C(F)(F)C(F)(F)C(F)(F)C(F)(F)C(F)(F)C(F)(F)F,8,4.0,13.0,0.0,1.0,0.0,1.0,2.0,0.0,2.0,0.0,8.0,26.0,0.0,2.0,2.0,4.0,0.0,0.0,0.0,0.0,0.0,0.0,0.0,0.0,0.0,0.0,0.0,0.0,0.0,0.0,4.0,0.0,0.0,0.0,0.0,0.0
32_fts.log,0.0,0.0,0.0,4.0,7,4.0,0.0,0.0,1,0.0,1.0,0.0,3.0,20,5,7,5,0.0,3,1,O=S(=O)(O)CCC(F)(F)C(F)(F)C(F)(F)F,6,2.0,5.0,4.0,1.0,0.0,0.0,3.0,0.0,0.0,1.0,4.0,10.0,4.0,0.0,0.0,0.0,0.0,0.0,4.0,0.0,2.0,0.0,6.0,0.0,0.0,0.0,0.0,0.0,0.0,0.0,0.0,2.0,0.0,0.0,0.0,0.0
22_ftsa.log,0.0,2.0,2.0,3.0,5,4.0,0.0,0.0,1,2.0,0.0,1.0,0.0,16,4,5,6,1.0,2,1,NS(=O)(=O)CCC(F)(F)C(F)(F)F,5,1.0,0.0,4.0,1.0,0.0,1.0,2.0,0.0,2.0,0.0,5.0,6.0,4.0,0.0,0.0,0.0,0.0,0.0,4.0,0.0,2.0,2.0,4.0,0.0,0.0,0.0,0.0,0.0,0.0,0.0,4.0,0.0,0.0,0.0,0.0,0.0
pfbs.log,0.0,0.0,0.0,3.0,9,0.0,0.0,0.0,1,0.0,1.0,0.0,3.0,17,4,9,1,0.0,3,1,O=S(=O)(O)C(F)(F)C(F)(F)C(F)(F)C(F)(F)F,5,1.0,4.0,0.0,1.0,0.0,0.0,3.0,0.0,0.0,1.0,5.0,14.0,0.0,2.0,0.0,6.0,0.0,0.0,0.0,0.0,0.0,0.0,0.0,0.0,0.0,0.0,0.0,0.0,0.0,0.0,0.0,2.0,0.0,0.0,0.0,0.0
triflate_amide.log,0.0,2.0,2.0,0.0,3,0.0,0.0,0.0,1,2.0,0.0,1.0,0.0,7,1,3,2,1.0,2,1,NS(=O)(=O)C(F)(F)F,2,0.0,0.0,0.0,0.0,0.0,0.0,0.0,0.0,2.0,0.0,0.0,0.0,0.0,0.0,3.0,6.0,0.0,0.0,0.0,0.0,0.0,0.0,0.0,0.0,0.0,0.0,0.0,0.0,0.0,0.0,4.0,0.0,0.0,0.0,0.0,0.0
pfhxs.log,0.0,0.0,0.0,5.0,13,0.0,0.0,0.0,1,0.0,1.0,0.0,3.0,23,6,13,1,0.0,3,1,O=S(=O)(O)C(F)(F)C(F)(F)C(F)(F)C(F)(F)C(F)(F)C(F)(F)F,7,3.0,11.0,0.0,1.0,0.0,0.0,3.0,0.0,0.0,1.0,6.0,22.0,0.0,2.0,0.0,6.0,0.0,0.0,0.0,0.0,0.0,0.0,0.0,0.0,0.0,0.0,0.0,0.0,0.0,0.0,0.0,2.0,0.0,0.0,0.0,0.0
fhxsa.log,0.0,2.0,2.0,5.0,13,0.0,0.0,0.0,1,2.0,0.0,1.0,0.0,22,6,13,2,1.0,2,1,NS(=O)(=O)C(F)(F)C(F)(F)C(F)(F)C(F)(F)C(F)(F)C(F)(F)F,7,3.0,11.0,0.0,1.0,0.0,1.0,2.0,0.0,2.0,0.0,6.0,22.0,0.0,2.0,2.0,4.0,0.0,0.0,0.0,0.0,0.0,0.0,0.0,0.0,0.0,0.0,0.0,0.0,0.0,0.0,4.0,0.0,0.0,0.0,0.0,0.0
fetsa.log,0.0,2.0,2.0,1.0,5,0.0,0.0,0.0,1,2.0,0.0,1.0,0.0,10,2,5,2,1.0,2,1,NS(=O)(=O)C(F)(F)C(F)(F)F,3,0.0,0.0,0.0,0.0,0.0,1.0,2.0,0.0,2.0,0.0,0.0,6.0,0.0,3.0,2.0,4.0,0.0,0.0,0.0,0.0,0.0,0.0,0.0,0.0,0.0,0.0,0.0,0.0,0.0,0.0,4.0,0.0,0.0,0.0,0.0,0.0
fpnsa.log,0.0,2.0,2.0,4.0,11,0.0,0.0,0.0,1,2.0,0.0,1.0,0.0,19,5,11,2,1.0,2,1,NS(=O)(=O)C(F)(F)C(F)(F)C(F)(F)C(F)(F)C(F)(F)F,6,2.0,9.0,0.0,1.0,0.0,1.0,2.0,0.0,2.0,0.0,4.0,18.0,0.0,2.0,2.0,4.0,0.0,0.0,0.0,0.0,0.0,0.0,0.0,0.0,0.0,0.0,0.0,0.0,0.0,0.0,4.0,0.0,0.0,0.0,0.0,0.0
nmefosaa.log,1.0,2.0,3.0,4.0,9,2.0,1.0,1.0,1,1.0,1.0,1.0,0.0,21,6,9,4,1.0,4,1,O=C(O)CNS(=O)(=O)C(F)(F)C(F)(F)C(F)(F)C(F)(F)F,8,1.0,4.0,0.0,1.0,1.0,1.0,2.0,1.0,1.0,0.0,5.0,14.0,0.0,2.0,2.0,4.0,0.0,0.0,0.0,4.0,0.0,0.0,0.0,1.0,2.0,2.0,1.0,0.0,0.0,2.0,2.0,0.0,0.0,0.0,1.0,2.0
62_fts.log,0.0,0.0,0.0,7.0,13,4.0,0.0,0.0,1,0.0,1.0,0.0,3.0,29,8,13,5,0.0,3,1,O=S(=O)(O)CCC(F)(F)C(F)(F)C(F)(F)C(F)(F)C(F)(F)C(F)(F)F,9,5.0,11.0,4.0,1.0,0.0,0.0,3.0,0.0,0.0,1.0,10.0,22.0,4.0,0.0,0.0,0.0,0.0,0.0,4.0,0.0,2.0,0.0,6.0,0.0,0.0,0.0,0.0,0.0,0.0,0.0,0.0,2.0,0.0,0.0,0.0,0.0
62_ftsa.log,0.0,2.0,2.0,7.0,13,4.0,0.0,0.0,1,2.0,0.0,1.0,0.0,28,8,13,6,1.0,2,1,NS(=O)(=O)CCC(F)(F)C(F)(F)C(F)(F)C(F)(F)C(F)(F)C(F)(F)F,9,5.0,11.0,4.0,1.0,0.0,1.0,2.0,0.0,2.0,0.0,10.0,22.0,4.0,0.0,0.0,0.0,0.0,0.0,4.0,0.0,2.0,2.0,4.0,0.0,0.0,0.0,0.0,0.0,0.0,0.0,4.0,0.0,0.0,0.0,0.0,0.0
