1Hbutane         7.3837	0.15771	-0.00014929	6.615e-08	-1.1138e-11 0.0 108.50
1Hdecane        17.974	0.38707	-0.00037737	1.7058e-07	-2.9135e-11 0.0 193.25
1Hdodecane      21.372	0.46396	-0.00045395	2.0568e-07	-3.519e-11  0.0 220.31
1Hethane        4.1218	0.080399	-7.2144e-05	3.0713e-08	-5.0126e-12 0.0 79.742
1Hheptane       12.771	0.27204	-0.00026288	1.1812e-07	-2.0089e-11 0.0 150.76
1Hhexane        10.97	0.23395	-0.00022503	1.008e-07	-1.7106e-11 0.0 136.86
1Hmethane       2.8523	0.040222	-3.1453e-05	1.1785e-08	-1.7078e-12 0.0 62.105
1Hnonane        16.009	0.34947	-0.00034012	1.5358e-07	-2.6212e-11 0.0 178.23
1Hoctane        14.242	0.3113	-0.0003022	1.3623e-07	-2.3223e-11 0.0 164.19
1Hpentane       9.3716	0.19518	-0.00018634	8.3041e-08	-1.4038e-11 0.0 123.17
1Hpropane       5.93	0.11846	-0.00010999	4.806e-08	-8.0068e-12 0.0 95.578
1Hundecane      19.677	0.42541	-0.00041548	1.8802e-07	-3.214e-11  0.0 206.63
2_butene        7.1603	0.14015	-0.00013764	6.256e-08	-1.0733e-11 0.0 106.06
22fts           5.8068	0.1848	-0.00016314	6.9834e-08	-1.154e-11  0.0 116.65
22ftsa          4.8978	0.19245	-0.00016763	7.1358e-08	-1.1768e-11 0.0 117.55
22ftoh          5.3206	0.13602	-0.00010839	4.2523e-08	-6.5343e-12 0.0 100.02
22rh            3.92	0.12557	-9.8047e-05	3.7932e-08	-5.782e-12  0.0 92.759
23ftca          3.8371	0.16677	-0.00013893	5.6652e-08	-9.0007e-12 0.0 110.95
32fts           7.3234	0.22377	-0.00020204	8.7692e-08	-1.4624e-11 0.0 132.06
32ftsa          6.5237	0.23119	-0.0002063	8.9114e-08	-1.4835e-11 0.0 132.86
32ftoh          7.1538	0.17364	-0.00014538	5.9317e-08	-9.4119e-12 0.0 118.37
32rh            5.7499	0.1636	-0.00013583	5.521e-08	-8.7559e-12 0.0 108.80
33ftca          5.6588	0.20479	-0.00017668	7.3899e-08	-1.1968e-11 0.0 127.08
42fts           8.9874	0.2623	-0.0002404	1.0528e-07	-1.7657e-11 0.0 145.44
42ftsa          8.2187	0.26951	-0.00024435	1.0652e-07	-1.7831e-11 0.0 146.03
42ftoh          8.7226	0.21248	-0.00018413	7.7108e-08	-1.2484e-11 0.0 128.55
42rh            7.3155	0.20246	-0.0001746	7.3015e-08	-1.1831e-11 0.0 121.66
43fta           7.2844	0.24349	-0.00021528	9.162e-08	-1.5028e-11 0.0 140.16
52fts           10.63	0.30094	-0.00027894	1.2296e-07	-2.0711e-11 0.0 158.75
52ftoh          10.612	0.25027	-0.00022159	9.4216e-08	-1.5427e-11 0.0 143.17
52rh            9.1028	0.24061	-0.00021253	9.0373e-08	-1.4822e-11 0.0 135.87
53ftca          8.896	0.28228	-0.00025402	1.0942e-07	-1.8104e-11 0.0 153.89
62fts           12.421	0.33914	-0.00031695	1.4037e-07	-2.3712e-11 0.0 173.15
62ftsa          11.639	0.34648	-0.00032111	1.4174e-07	-2.3911e-11 0.0 173.91
62ftab          7.1203	0.5285	-0.00042106	1.656e-07	-2.5582e-11 0.0 224.93
62ftoh          12.145	0.2893	-0.00026063	1.1217e-07	-1.8532e-11 0.0 156.24
62rh            10.821	0.279	-0.00025075	1.0789e-07	-1.7842e-11 0.0 149.64
fbsa            11.233	0.22125	-0.00021906	1.0109e-07	-1.7593e-11 0.0 131.19
fetsa           7.802	0.14442	-0.00014251	6.5988e-08	-1.1535e-11 0.0 104.17
fhpsa           16.036	0.33743	-0.00033486	1.5421e-07	-2.676e-11 0.0 172.27
fpesa           12.675	0.26039	-0.00025808	1.19e-07	-2.0683e-11 0.0 144.22
fprsa           9.4579	0.18306	-0.00018108	8.3705e-08	-1.4597e-11 0.0 117.13
nmefosaa        11.743	0.27613	-0.00025754	1.1408e-07	-1.9287e-11 0.0 153.14
pfbcof          8.7874	0.14927	-0.00014601	6.6193e-08	-1.1336e-11 0.0 109.98
pfboh           8.2726	0.1764	-0.00017407	7.9713e-08	-1.3763e-11 0.0 113.59
pfbs            11.175	0.21519	-0.00021542	9.9673e-08	-1.7344e-11 0.0 129.89
tfa             1.8518	0.083796	-7.9417e-05	3.563e-08	-6.0813e-12 0.0 75.178
pfpra           5.7283	0.12156	-0.00011688	5.2758e-08	-9.0306e-12 0.0 96.243
pfba            7.4894	0.15979	-0.0001549	7.0168e-08	-1.2031e-11 0.0 110.04
pfpna           9.2241	0.19812	-0.00019305	8.7647e-08	-1.5045e-11 0.0 123.69
pfhxa           10.972	0.23642	-0.00023116	1.0511e-07	-1.8056e-11 0.0 137.72
pfhpa           12.704	0.27473	-0.00026927	1.2256e-07	-2.1063e-11 0.0 151.73
pfoa            14.427	0.3131	-0.00030747	1.4007e-07	-2.4083e-11 0.0 165.67
pfetoh          4.6897	0.10029	-9.858e-05	4.5231e-08	-7.8324e-12 0.0 84.567
pfets           7.862	0.1377	-0.0001379	6.4023e-08	-1.118e-11 0.0 101.57
pfhpoh          13.374	0.29174	-0.00028895	1.3238e-07	-2.2849e-11 0.0 155.32
pfhps           16.251	0.33039	-0.00033001	1.5216e-07	-2.6394e-11 0.0 172.06
pfhxcof         12.286	0.22581	-0.00022214	1.0105e-07	-1.7343e-11 0.0 137.55
pfhxoh          11.626	0.25346	-0.00025086	1.1494e-07	-1.9843e-11 0.0 141.24
pfhxs           14.784	0.29118	-0.00029077	1.341e-07	-2.3269e-11 0.0 158.46
pfocof          14.079	0.26393	-0.00026002	1.1838e-07	-2.0328e-11 0.0 151.88
pfooh           14.773	0.33121	-0.00032852	1.5062e-07	-2.6011e-11 0.0 168.24
pfos            18.356	0.36775	-0.0003671	1.6911e-07	-2.9308e-11 0.0 187.10
pfpnoh          9.9632	0.21492	-0.00021246	9.7329e-08	-1.6804e-11 0.0 127.54
pfpncof         10.495	0.18766	-0.00018422	8.3691e-08	-1.4353e-11 0.0 123.37
pfpns           12.939	0.25323	-0.0002531	1.1688e-07	-2.0306e-11 0.0 144.31
pfprcof         7.0146	0.1111	-0.00010808	4.883e-08	-8.3445e-12 0.0 95.561
pfproh          6.8211	0.13715	-0.00013479	6.1639e-08	-1.0636e-11 0.0 101.58
pfprs           9.5353	0.17634	-0.0001765	8.1762e-08	-1.4246e-11 0.0 116.92
pftoh           2.5841	0.063195	-6.1795e-05	2.8379e-08	-4.9226e-12 0.0 69.267
tfcof           5.1967	0.073193	-7.0524e-05	3.168e-08	-5.3945e-12 0.0 79.910
triflate_amide  5.7568	0.10706	-0.00010551	4.9102e-08	-8.6328e-12 0.0 87.728
triflic         6.0954	0.099749	-0.00010039	4.6934e-08	-8.2463e-12 0.0 87.011

