C2F5COF_OH       6.4299  0.13994   -0.00013906  6.4127e-08 -1.1137e-11  0.0 101.16
C3_OCO2H         7.0588  0.17342   -0.00016703  7.5163e-08 -1.2812e-11  0.0 114.53
C3F6O2_1st       8.4398  0.12567   -0.00012458  5.6876e-08 -9.7768e-12  0.0 106.04
C3F6O2_ring      4.2387  0.13347   -0.00013031  5.8702e-08 -9.9786e-12  0.0  95.386
C3F6OOH2nd	 6.4555  0.14      -0.00013921  6.4226e-08 -1.1157e-11  0.0 101.19
C3F7O            6.2226  0.13474   -0.00013661  6.3442e-08 -1.1049e-11  0.0 101.13
CF2O_OH          2.885   0.063918  -6.3631e-05  2.9606e-08 -5.1842e-12  0.0  70.725
cf3o_cf2o_prod   4.0982  0.10954   -0.0001097   5.0389e-08 -8.6946e-12  0.0  90.556
CHFO2            2.7681  0.043835  -3.9674e-05  1.7435e-08 -2.9453e-12  0.0  63.927
ESTER            9.7623  0.20242   -0.00019772  8.9387e-08 -1.5263e-11  0.0 131.11
ESTER_OH         9.5262  0.23254   -0.00023163  1.066e-07  -1.8458e-11  0.0 136.34
FRD_0HFATS_prod  13.807  0.24855   -0.00024734  1.1403e-07 -1.9799e-11  0.0 155.11
FRD_prod_COLoss  9.7623  0.20242   -0.00019772  8.9387e-08 -1.5263e-11  0.0 131.09
FRD_prod_minusHF 9.2867  0.23195   -0.00022741  1.0314e-07 -1.7657e-11  0.0 138.47
FRD_cof         11.577   0.2409	   -0.00023634  1.0721e-07 -1.8354e-11  0.0 144.76
FRD_cof_OH      11.034   0.27026   -0.00026829  1.231e-07  -2.1267e-11  0.0 148.82
FRC_c5f11o      9.6557   0.20642   -0.00020377  9.2698e-08 -1.5888e-11  0.0 134.40
