2_PROPYL         6.6364	0.11593	-0.00011501	5.2546e-08	-9.038e-12   0.0  99.061
2_BUTYL          8.7379	0.15299	-0.0001516	6.9204e-08	-1.1897e-11  0.0  113.96
2_PENTYL         10.186	0.19219	-0.00019076	8.7202e-08	-1.5007e-11  0.0 127.62
2_HEXYL          11.861	0.23065	-0.00022901	1.0471e-07	-1.8025e-11  0.0 141.88
2_HEPTYL         14.118	0.26726	-0.0002651	1.2113e-07	-2.0842e-11  0.0 157.13
2_OCTYL          15.714	0.30607	-0.00030385	1.3894e-07	-2.3918e-11  0.0 170.93
3_PENTYL         10.743	0.19028	-0.00018844	8.6003e-08	-1.4784e-11  0.0 127.62
3_HEXYL          12.373	0.22892	-0.00022694	1.0366e-07	-1.783e-11   0.0 141.28
3_HEPTYL         13.9	0.26792	-0.00026592	1.2157e-07	-2.0928e-11  0.0 156.01
3_OCTYL          15.681	0.30609	-0.00030385	1.3893e-07	-2.3918e-11  0.0 169.15
4_HEPTYL         14.027	0.26742	-0.00026525	1.212e-07	-2.0855e-11  0.0 156.05
4_OCTYL          15.789	0.30568	-0.00030331	1.3863e-07	-2.3859e-11  0.0 170.02
CF2_TFA_PROD     5.8829	0.1132	-0.00010115	4.2852e-08	-6.9639e-12  0.0 97.837
CF2CF            6.0601	0.042627	-3.9863e-05	1.7546e-08	-2.947e-12 0.0 71.369
CF3CF_carbene    5.3347	0.062414	-6.1674e-05	2.8064e-08	-4.8096e-12 0.0 80.585
HFP_1OH          6.841	0.12351	-0.00012169	5.5816e-08	-9.6569e-12 0.0 102.16
PROPENE_BetaFrad 5.4921	0.088377	-8.6664e-05	3.9363e-08	-6.7508e-12 0.0 88.753
PROPENE_calphar  6.7318	0.083795	-8.0867e-05	3.6293e-08	-6.1693e-12 0.0 86.670
PROPENE_talphar  6.426	0.085565	-8.3591e-05	3.7916e-08	-6.5022e-12 0.0 86.640
c3f5co           7.1708	0.096353	-9.3121e-05	4.1865e-08	-7.1286e-12 0.0 93.212
CF3              3.7708	0.036299	-3.4314e-05	1.5005e-08	-2.485e-12 0.0 65.447
CF2              5.3891	0.017142	-1.4224e-05	5.4157e-09	-7.7818e-13 0.0 58.936

