Molecule,sp2 Pair Count C-C,sp2 Pair Count C-O,sp2 Total Count,sp3 Pair Count C-C,sp3 Pair Count C-F,sp3 Pair Count C-H,sp3 Pair Count C-O,sp3 Pair Count F-H,sp3 Pair Count H-O,sp3 Pair Count O-O,sp3 Total Count,Num. Atoms C,Num. Atoms F,Num. Atoms H,Num. Atoms O,SMILES,Torsions Number of Rot. Bonds,C-C-C-C Torsions,C-C-C-F Torsions,C-C-C-H Torsions,C-C-C-O Torsions,C-C-O-C Torsions,C-C-O-H Torsions,C-C-O-O Torsions,C-O-C-C Torsions,C-O-C-F Torsions,C-O-C-H Torsions,C-O-C-O Torsions,F-C-C-C Torsions,F-C-C-F Torsions,F-C-C-H Torsions,F-C-C-O Torsions,F-C-O-C Torsions,F-C-O-H Torsions,F-C-O-O Torsions,H-C-C-C Torsions,H-C-C-F Torsions,H-C-C-H Torsions,H-C-C-O Torsions,H-C-O-C Torsions,H-C-O-H Torsions,H-O-C-C Torsions,H-O-C-F Torsions,H-O-C-O Torsions,O-C-C-C Torsions,O-C-C-F Torsions,O-C-C-H Torsions,O-C-C-O Torsions,O-C-O-C Torsions,O-C-O-H Torsions
heptane1H.log,0.0,0.0,0.0,6.0,15.0,1.0,0.0,0.0,0.0,0.0,22,7,15.0,1.0,0.0,FC(F)C(F)(F)C(F)(F)C(F)(F)C(F)(F)C(F)(F)C(F)(F)F,6,4.0,13.0,1.0,0.0,0.0,0.0,0.0,0.0,0.0,0.0,0.0,8.0,26.0,2.0,0.0,0.0,0.0,0.0,0.0,0.0,0.0,0.0,0.0,0.0,0.0,0.0,0.0,0.0,0.0,0.0,0.0,0.0,0.0
frd_903_cof_OH.log,0.0,0.0,0.0,4.0,12.0,0.0,4.0,0.0,1.0,0.0,21,6,12.0,1.0,3.0,[O]C(O)(F)[C@](F)(OC(F)(F)C(F)(F)C(F)(F)F)C(F)(F)F,7,0.0,6.0,0.0,3.0,1.0,1.0,0.0,2.0,1.0,0.0,0.0,3.0,14.0,0.0,4.0,2.0,1.0,0.0,0.0,0.0,0.0,0.0,0.0,0.0,0.0,0.0,0.0,0.0,4.0,0.0,2.0,0.0,1.0
frd_903.log,0.0,1.0,1.0,4.0,11.0,0.0,3.0,0.0,1.0,0.0,19,6,11.0,1.0,3.0,O=C(O)[C@](F)(OC(F)(F)C(F)(F)C(F)(F)F)C(F)(F)F,7,0.0,5.0,0.0,3.0,1.0,1.0,0.0,2.0,1.0,0.0,0.0,3.0,13.0,0.0,4.0,2.0,0.0,0.0,0.0,0.0,0.0,0.0,0.0,0.0,0.0,0.0,0.0,0.0,3.0,0.0,2.0,0.0,1.0
butene_2OH.log,0.0,0.0,0.0,3.0,8.0,0.0,1.0,0.0,1.0,0.0,13,4,8.0,1.0,1.0,O[C@](F)([C](F)F)C(F)(F)C(F)(F)F,4,1.0,4.0,0.0,1.0,0.0,2.0,0.0,0.0,0.0,0.0,0.0,4.0,10.0,0.0,4.0,0.0,1.0,0.0,0.0,0.0,0.0,0.0,0.0,0.0,0.0,0.0,0.0,0.0,0.0,0.0,0.0,0.0,0.0
pfhpa.log,0.0,1.0,1.0,6.0,13.0,0.0,1.0,0.0,1.0,0.0,21,7,13.0,1.0,2.0,O=C(O)C(F)(F)C(F)(F)C(F)(F)C(F)(F)C(F)(F)C(F)(F)F,7,4.0,11.0,0.0,2.0,0.0,1.0,0.0,0.0,0.0,0.0,0.0,8.0,22.0,0.0,4.0,0.0,0.0,0.0,0.0,0.0,0.0,0.0,0.0,0.0,0.0,0.0,0.0,0.0,0.0,0.0,0.0,0.0,1.0
pfhpal.log,0.0,1.0,1.0,6.0,14.0,0.0,0.0,0.0,0.0,0.0,20,7,14.0,0.0,1.0,O=C(F)C(F)(F)C(F)(F)C(F)(F)C(F)(F)C(F)(F)C(F)(F)F,6,4.0,12.0,0.0,1.0,0.0,0.0,0.0,0.0,0.0,0.0,0.0,8.0,24.0,0.0,2.0,0.0,0.0,0.0,0.0,0.0,0.0,0.0,0.0,0.0,0.0,0.0,0.0,0.0,0.0,0.0,0.0,0.0,0.0
pfpeoh.log,0.0,0.0,0.0,4.0,11.0,0.0,1.0,0.0,1.0,0.0,17,5,11.0,1.0,1.0,OC(F)(F)C(F)(F)C(F)(F)C(F)(F)C(F)(F)F,5,2.0,9.0,0.0,1.0,0.0,1.0,0.0,0.0,0.0,0.0,0.0,4.0,18.0,0.0,2.0,0.0,2.0,0.0,0.0,0.0,0.0,0.0,0.0,0.0,0.0,0.0,0.0,0.0,0.0,0.0,0.0,0.0,0.0
31_butene.log,1.0,0.0,1.0,2.0,6.0,2.0,0.0,0.0,0.0,0.0,10,4,6.0,2.0,0.0,C=C(F)C(F)(F)C(F)(F)F,2,1.0,4.0,0.0,0.0,0.0,0.0,0.0,0.0,0.0,0.0,0.0,2.0,8.0,0.0,0.0,0.0,0.0,0.0,0.0,0.0,0.0,0.0,0.0,0.0,0.0,0.0,0.0,0.0,0.0,0.0,0.0,0.0,0.0
pentane.log,0.0,0.0,0.0,4.0,12.0,0.0,0.0,0.0,0.0,0.0,16,5,12.0,0.0,0.0,FC(F)(F)C(F)(F)C(F)(F)C(F)(F)C(F)(F)F,4,2.0,7.0,0.0,0.0,0.0,0.0,0.0,0.0,0.0,0.0,0.0,7.0,20.0,0.0,0.0,0.0,0.0,0.0,0.0,0.0,0.0,0.0,0.0,0.0,0.0,0.0,0.0,0.0,0.0,0.0,0.0,0.0,0.0
1_pentane.log,0.0,1.0,1.0,4.0,9.0,0.0,1.0,0.0,1.0,0.0,15,5,9.0,1.0,2.0,O=C(O)C(F)(F)C(F)(F)C(F)(F)C(F)(F)F,5,2.0,7.0,0.0,2.0,0.0,1.0,0.0,0.0,0.0,0.0,0.0,4.0,14.0,0.0,4.0,0.0,0.0,0.0,0.0,0.0,0.0,0.0,0.0,0.0,0.0,0.0,0.0,0.0,0.0,0.0,0.0,0.0,1.0
c5_secondary_rad.log,0.0,0.0,0.0,4.0,11.0,0.0,0.0,0.0,0.0,0.0,15,5,11.0,0.0,0.0,F[C](C(F)(F)F)C(F)(F)C(F)(F)C(F)(F)F,4,2.0,9.0,0.0,0.0,0.0,0.0,0.0,0.0,0.0,0.0,0.0,4.0,15.0,0.0,0.0,0.0,0.0,0.0,0.0,0.0,0.0,0.0,0.0,0.0,0.0,0.0,0.0,0.0,0.0,0.0,0.0,0.0,0.0
hfp_1oh_2rad_scanhf.log,0.0,1.0,1.0,2.0,5.0,0.0,0.0,1.0,0.0,0.0,8,3,6.0,1.0,1.0,F.O=C(F)[C](F)C(F)(F)F,2,0.0,1.0,0.0,1.0,0.0,0.0,0.0,0.0,0.0,0.0,0.0,3.0,4.0,0.0,1.0,0.0,0.0,0.0,0.0,0.0,0.0,0.0,0.0,0.0,0.0,0.0,0.0,0.0,0.0,0.0,0.0,0.0,0.0
1_propyl.log,0.0,0.0,0.0,2.0,7.0,0.0,0.0,0.0,0.0,0.0,9,3,7.0,0.0,0.0,F[C](F)C(F)(F)C(F)(F)F,2,0.0,2.0,0.0,0.0,0.0,0.0,0.0,0.0,0.0,0.0,0.0,3.0,10.0,0.0,0.0,0.0,0.0,0.0,0.0,0.0,0.0,0.0,0.0,0.0,0.0,0.0,0.0,0.0,0.0,0.0,0.0,0.0,0.0
pfeoh.log,0.0,0.0,0.0,1.0,5.0,0.0,1.0,0.0,1.0,0.0,8,2,5.0,1.0,1.0,OC(F)(F)C(F)(F)F,2,0.0,0.0,0.0,0.0,0.0,1.0,0.0,0.0,0.0,0.0,0.0,0.0,6.0,0.0,3.0,0.0,2.0,0.0,0.0,0.0,0.0,0.0,0.0,0.0,0.0,0.0,0.0,0.0,0.0,0.0,0.0,0.0,0.0
41_pentene.log,1.0,0.0,1.0,3.0,8.0,2.0,0.0,0.0,0.0,0.0,13,5,8.0,2.0,0.0,C=C(F)C(F)(F)C(F)(F)C(F)(F)F,3,2.0,6.0,0.0,0.0,0.0,0.0,0.0,0.0,0.0,0.0,0.0,4.0,12.0,0.0,0.0,0.0,0.0,0.0,0.0,0.0,0.0,0.0,0.0,0.0,0.0,0.0,0.0,0.0,0.0,0.0,0.0,0.0,0.0
c2f4o2.log,0.0,0.0,0.0,1.0,4.0,0.0,1.0,0.0,0.0,1.0,7,2,4.0,0.0,2.0,[O]OC(F)(F)[C](F)F,2,0.0,0.0,0.0,0.0,0.0,0.0,1.0,0.0,0.0,0.0,0.0,0.0,4.0,0.0,2.0,0.0,0.0,2.0,0.0,0.0,0.0,0.0,0.0,0.0,0.0,0.0,0.0,0.0,0.0,0.0,0.0,0.0,0.0
22ftoh.log,0.0,0.0,0.0,3.0,5.0,4.0,1.0,0.0,1.0,0.0,14,4,5.0,5.0,1.0,OCCC(F)(F)C(F)(F)F,4,1.0,0.0,4.0,1.0,0.0,1.0,0.0,0.0,0.0,0.0,0.0,5.0,6.0,4.0,0.0,0.0,0.0,0.0,0.0,0.0,4.0,2.0,0.0,2.0,0.0,0.0,0.0,0.0,0.0,0.0,0.0,0.0,0.0
52_heptene.log,1.0,0.0,1.0,5.0,11.0,3.0,0.0,0.0,0.0,0.0,19,7,11.0,3.0,0.0,C=CC(F)(F)C(F)(F)C(F)(F)C(F)(F)C(F)(F)F,5,4.0,9.0,1.0,0.0,0.0,0.0,0.0,0.0,0.0,0.0,0.0,8.0,18.0,2.0,0.0,0.0,0.0,0.0,0.0,0.0,0.0,0.0,0.0,0.0,0.0,0.0,0.0,0.0,0.0,0.0,0.0,0.0,0.0
c5_sec_tert_rad_isots.log,1.0,0.0,1.0,3.0,10.0,0.0,0.0,0.0,0.0,0.0,13,5,11.0,0.0,0.0,F/C(=C(/F)C(F)(F)C(F)(F)F)C(F)(F)F.[F],3,1.0,7.0,0.0,0.0,0.0,0.0,0.0,0.0,0.0,0.0,0.0,2.0,11.0,0.0,0.0,0.0,0.0,0.0,0.0,0.0,0.0,0.0,0.0,0.0,0.0,0.0,0.0,0.0,0.0,0.0,0.0,0.0,0.0
cf3o_cf2o_prod.log,0.0,0.0,0.0,0.0,5.0,0.0,3.0,0.0,0.0,0.0,8,2,5.0,0.0,2.0,[O]C(F)(F)OC(F)(F)F,2,0.0,0.0,0.0,0.0,0.0,0.0,0.0,0.0,0.0,0.0,0.0,0.0,0.0,0.0,0.0,5.0,0.0,0.0,0.0,0.0,0.0,0.0,0.0,0.0,0.0,0.0,0.0,0.0,0.0,0.0,0.0,1.0,0.0
cf2o_2h2oprod.log,0.0,0.0,0.0,0.0,2.0,0.0,2.0,0.0,4.0,0.0,8,1,2.0,4.0,3.0,O.OC(O)(F)F,2,0.0,0.0,0.0,0.0,0.0,0.0,0.0,0.0,0.0,0.0,0.0,0.0,0.0,0.0,0.0,0.0,4.0,0.0,0.0,0.0,0.0,0.0,0.0,0.0,0.0,0.0,0.0,0.0,0.0,0.0,0.0,0.0,2.0
1H_dodecane.log,0.0,0.0,0.0,11.0,25.0,1.0,0.0,0.0,0.0,0.0,37,12,25.0,1.0,0.0,FC(F)C(F)(F)C(F)(F)C(F)(F)C(F)(F)C(F)(F)C(F)(F)C(F)(F)C(F)(F)C(F)(F)C(F)(F)C(F)(F)F,11,9.0,23.0,1.0,0.0,0.0,0.0,0.0,0.0,0.0,0.0,0.0,18.0,46.0,2.0,0.0,0.0,0.0,0.0,0.0,0.0,0.0,0.0,0.0,0.0,0.0,0.0,0.0,0.0,0.0,0.0,0.0,0.0,0.0
42rh.log,0.0,0.0,0.0,5.0,9.0,5.0,0.0,0.0,0.0,0.0,19,6,9.0,5.0,0.0,CCC(F)(F)C(F)(F)C(F)(F)C(F)(F)F,5,3.0,4.0,5.0,0.0,0.0,0.0,0.0,0.0,0.0,0.0,0.0,9.0,14.0,4.0,0.0,0.0,0.0,0.0,0.0,0.0,6.0,0.0,0.0,0.0,0.0,0.0,0.0,0.0,0.0,0.0,0.0,0.0,0.0
frd_903_carbF.log,0.0,1.0,1.0,4.0,12.0,0.0,2.0,0.0,0.0,0.0,18,6,12.0,0.0,2.0,O=C(F)[C@](F)(OC(F)(F)C(F)(F)C(F)(F)F)C(F)(F)F,6,0.0,6.0,0.0,2.0,1.0,0.0,0.0,2.0,1.0,0.0,0.0,3.0,14.0,0.0,3.0,2.0,0.0,0.0,0.0,0.0,0.0,0.0,0.0,0.0,0.0,0.0,0.0,0.0,4.0,0.0,1.0,0.0,0.0
cf2oh.log,0.0,0.0,0.0,0.0,2.0,0.0,1.0,0.0,1.0,0.0,4,1,2.0,1.0,1.0,O[C](F)F,1,0.0,0.0,0.0,0.0,0.0,0.0,0.0,0.0,0.0,0.0,0.0,0.0,0.0,0.0,0.0,0.0,0.0,0.0,0.0,0.0,0.0,0.0,0.0,0.0,0.0,2.0,0.0,0.0,0.0,0.0,0.0,0.0,0.0
c8_secondary_rad.log,0.0,0.0,0.0,7.0,17.0,0.0,0.0,0.0,0.0,0.0,24,8,17.0,0.0,0.0,F[C](C(F)(F)F)C(F)(F)C(F)(F)C(F)(F)C(F)(F)C(F)(F)C(F)(F)F,7,5.0,15.0,0.0,0.0,0.0,0.0,0.0,0.0,0.0,0.0,0.0,10.0,27.0,0.0,0.0,0.0,0.0,0.0,0.0,0.0,0.0,0.0,0.0,0.0,0.0,0.0,0.0,0.0,0.0,0.0,0.0,0.0,0.0
1_octane_c4_rad.log,0.0,0.0,0.0,3.0,9.0,0.0,0.0,0.0,0.0,0.0,12,4,9.0,0.0,0.0,F[C](F)C(F)(F)C(F)(F)C(F)(F)F,3,1.0,4.0,0.0,0.0,0.0,0.0,0.0,0.0,0.0,0.0,0.0,5.0,14.0,0.0,0.0,0.0,0.0,0.0,0.0,0.0,0.0,0.0,0.0,0.0,0.0,0.0,0.0,0.0,0.0,0.0,0.0,0.0,0.0
42_hexene.log,1.0,0.0,1.0,4.0,9.0,3.0,0.0,0.0,0.0,0.0,16,6,9.0,3.0,0.0,C=CC(F)(F)C(F)(F)C(F)(F)C(F)(F)F,4,3.0,7.0,1.0,0.0,0.0,0.0,0.0,0.0,0.0,0.0,0.0,6.0,14.0,2.0,0.0,0.0,0.0,0.0,0.0,0.0,0.0,0.0,0.0,0.0,0.0,0.0,0.0,0.0,0.0,0.0,0.0,0.0,0.0
hfp_1oh_2nd.log,0.0,0.0,0.0,2.0,6.0,0.0,1.0,0.0,1.0,0.0,10,3,6.0,1.0,1.0,OC(F)(F)[C](F)C(F)(F)F,3,0.0,2.0,0.0,1.0,0.0,1.0,0.0,0.0,0.0,0.0,0.0,3.0,5.0,0.0,1.0,0.0,2.0,0.0,0.0,0.0,0.0,0.0,0.0,0.0,0.0,0.0,0.0,0.0,0.0,0.0,0.0,0.0,0.0
1H_decane.log,0.0,0.0,0.0,9.0,21.0,1.0,0.0,0.0,0.0,0.0,31,10,21.0,1.0,0.0,FC(F)C(F)(F)C(F)(F)C(F)(F)C(F)(F)C(F)(F)C(F)(F)C(F)(F)C(F)(F)C(F)(F)F,9,7.0,19.0,1.0,0.0,0.0,0.0,0.0,0.0,0.0,0.0,0.0,14.0,38.0,2.0,0.0,0.0,0.0,0.0,0.0,0.0,0.0,0.0,0.0,0.0,0.0,0.0,0.0,0.0,0.0,0.0,0.0,0.0,0.0
2_hexyl.log,0.0,0.0,0.0,5.0,13.0,0.0,0.0,0.0,0.0,0.0,18,6,13.0,0.0,0.0,F[C](C(F)(F)F)C(F)(F)C(F)(F)C(F)(F)C(F)(F)F,5,3.0,9.0,0.0,0.0,0.0,0.0,0.0,0.0,0.0,0.0,0.0,8.0,19.0,0.0,0.0,0.0,0.0,0.0,0.0,0.0,0.0,0.0,0.0,0.0,0.0,0.0,0.0,0.0,0.0,0.0,0.0,0.0,0.0
co2h.log,0.0,1.0,1.0,0.0,0.0,0.0,1.0,0.0,1.0,0.0,2,1,0.0,1.0,2.0,O=[C]O,1,0.0,0.0,0.0,0.0,0.0,0.0,0.0,0.0,0.0,0.0,0.0,0.0,0.0,0.0,0.0,0.0,0.0,0.0,0.0,0.0,0.0,0.0,0.0,0.0,0.0,0.0,0.0,0.0,0.0,0.0,0.0,0.0,1.0
frd_903_0HFAts_prod.log,0.0,1.0,1.0,4.0,10.0,0.0,4.0,1.0,0.0,0.0,19,6,11.0,1.0,3.0,F.O=C1O[C@]1(OC(F)(F)C(F)(F)C(F)(F)F)C(F)(F)F,5,0.0,5.0,0.0,1.0,1.0,0.0,0.0,2.0,0.0,0.0,1.0,3.0,10.0,0.0,2.0,2.0,0.0,0.0,0.0,0.0,0.0,0.0,0.0,0.0,0.0,0.0,0.0,0.0,6.0,0.0,0.0,0.0,0.0
octane1H.log,0.0,0.0,0.0,7.0,17.0,1.0,0.0,0.0,0.0,0.0,25,8,17.0,1.0,0.0,FC(F)C(F)(F)C(F)(F)C(F)(F)C(F)(F)C(F)(F)C(F)(F)C(F)(F)F,7,5.0,15.0,1.0,0.0,0.0,0.0,0.0,0.0,0.0,0.0,0.0,10.0,30.0,2.0,0.0,0.0,0.0,0.0,0.0,0.0,0.0,0.0,0.0,0.0,0.0,0.0,0.0,0.0,0.0,0.0,0.0,0.0,0.0
1H_nonane.log,0.0,0.0,0.0,8.0,19.0,1.0,0.0,0.0,0.0,0.0,28,9,19.0,1.0,0.0,FC(F)C(F)(F)C(F)(F)C(F)(F)C(F)(F)C(F)(F)C(F)(F)C(F)(F)C(F)(F)F,8,6.0,17.0,1.0,0.0,0.0,0.0,0.0,0.0,0.0,0.0,0.0,12.0,34.0,2.0,0.0,0.0,0.0,0.0,0.0,0.0,0.0,0.0,0.0,0.0,0.0,0.0,0.0,0.0,0.0,0.0,0.0,0.0,0.0
c2f4h2o_prod.log,0.0,0.0,0.0,1.0,4.0,1.0,1.0,0.0,1.0,0.0,8,2,4.0,2.0,1.0,OC(F)(F)C(F)F,2,0.0,0.0,0.0,0.0,0.0,1.0,0.0,0.0,0.0,0.0,0.0,0.0,4.0,2.0,0.0,0.0,2.0,0.0,0.0,0.0,0.0,0.0,0.0,0.0,0.0,0.0,0.0,0.0,2.0,1.0,0.0,0.0,0.0
butene_OH.log,0.0,0.0,0.0,3.0,8.0,0.0,1.0,0.0,1.0,0.0,13,4,8.0,1.0,1.0,OC(F)(F)[C](F)C(F)(F)C(F)(F)F,4,1.0,5.0,0.0,0.0,0.0,0.0,0.0,0.0,0.0,0.0,0.0,3.0,10.0,0.0,0.0,0.0,0.0,0.0,0.0,0.0,0.0,0.0,0.0,0.0,1.0,2.0,0.0,1.0,1.0,0.0,0.0,0.0,0.0
1H_undecane.log,0.0,0.0,0.0,10.0,23.0,1.0,0.0,0.0,0.0,0.0,34,11,23.0,1.0,0.0,FC(F)C(F)(F)C(F)(F)C(F)(F)C(F)(F)C(F)(F)C(F)(F)C(F)(F)C(F)(F)C(F)(F)C(F)(F)F,10,8.0,21.0,1.0,0.0,0.0,0.0,0.0,0.0,0.0,0.0,0.0,16.0,42.0,2.0,0.0,0.0,0.0,0.0,0.0,0.0,0.0,0.0,0.0,0.0,0.0,0.0,0.0,0.0,0.0,0.0,0.0,0.0,0.0
butene.log,1.0,0.0,1.0,2.0,8.0,0.0,0.0,0.0,0.0,0.0,10,4,8.0,0.0,0.0,FC(F)=C(F)C(F)(F)C(F)(F)F,2,1.0,5.0,0.0,0.0,0.0,0.0,0.0,0.0,0.0,0.0,0.0,1.0,8.0,0.0,0.0,0.0,0.0,0.0,0.0,0.0,0.0,0.0,0.0,0.0,0.0,0.0,0.0,0.0,0.0,0.0,0.0,0.0,0.0
53_ftca.log,0.0,1.0,1.0,7.0,11.0,4.0,1.0,0.0,1.0,0.0,24,8,11.0,5.0,2.0,O=C(O)CCC(F)(F)C(F)(F)C(F)(F)C(F)(F)C(F)(F)F,8,5.0,9.0,4.0,2.0,0.0,1.0,0.0,0.0,0.0,0.0,0.0,8.0,18.0,4.0,0.0,0.0,0.0,0.0,2.0,0.0,4.0,4.0,0.0,0.0,0.0,0.0,0.0,0.0,0.0,0.0,0.0,0.0,1.0
heptene.log,1.0,0.0,1.0,5.0,14.0,0.0,0.0,0.0,0.0,0.0,19,7,14.0,0.0,0.0,FC(F)=C(F)C(F)(F)C(F)(F)C(F)(F)C(F)(F)C(F)(F)F,5,4.0,10.0,0.0,0.0,0.0,0.0,0.0,0.0,0.0,0.0,0.0,8.0,20.0,0.0,0.0,0.0,0.0,0.0,0.0,0.0,0.0,0.0,0.0,0.0,0.0,0.0,0.0,0.0,0.0,0.0,0.0,0.0,0.0
cfoh3.log,0.0,0.0,0.0,0.0,1.0,0.0,3.0,0.0,3.0,0.0,7,1,1.0,3.0,3.0,OC(O)(O)F,3,0.0,0.0,0.0,0.0,0.0,0.0,0.0,0.0,0.0,0.0,0.0,0.0,0.0,0.0,0.0,0.0,3.0,0.0,0.0,0.0,0.0,0.0,0.0,0.0,0.0,0.0,0.0,0.0,0.0,0.0,0.0,0.0,6.0
cf2oh2.log,0.0,0.0,0.0,0.0,2.0,0.0,2.0,0.0,2.0,0.0,6,1,2.0,2.0,2.0,OC(O)(F)F,2,0.0,0.0,0.0,0.0,0.0,0.0,0.0,0.0,0.0,0.0,0.0,0.0,0.0,0.0,0.0,0.0,4.0,0.0,0.0,0.0,0.0,0.0,0.0,0.0,0.0,0.0,0.0,0.0,0.0,0.0,0.0,0.0,2.0
hfp_2oh_2rad_prod.log,0.0,0.0,0.0,2.0,6.0,0.0,1.0,0.0,1.0,0.0,10,3,6.0,1.0,1.0,O[C](C(F)(F)F)C(F)(F)F,3,0.0,3.0,0.0,0.0,0.0,2.0,0.0,0.0,0.0,0.0,0.0,3.0,0.0,0.0,3.0,0.0,0.0,0.0,0.0,0.0,0.0,0.0,0.0,0.0,0.0,0.0,0.0,0.0,3.0,0.0,0.0,0.0,0.0
butane1H.log,0.0,0.0,0.0,3.0,9.0,1.0,0.0,0.0,0.0,0.0,13,4,9.0,1.0,0.0,FC(F)C(F)(F)C(F)(F)C(F)(F)F,3,1.0,4.0,1.0,0.0,0.0,0.0,0.0,0.0,0.0,0.0,0.0,5.0,14.0,2.0,0.0,0.0,0.0,0.0,0.0,0.0,0.0,0.0,0.0,0.0,0.0,0.0,0.0,0.0,0.0,0.0,0.0,0.0,0.0
1_octane_c7_carbene.log,0.0,0.0,0.0,6.0,14.0,0.0,0.0,0.0,0.0,0.0,20,7,14.0,0.0,0.0,F[C]C(F)(F)C(F)(F)C(F)(F)C(F)(F)C(F)(F)C(F)(F)F,6,4.0,12.0,0.0,0.0,0.0,0.0,0.0,0.0,0.0,0.0,0.0,8.0,24.0,0.0,0.0,0.0,0.0,0.0,0.0,0.0,0.0,0.0,0.0,0.0,0.0,0.0,0.0,0.0,0.0,0.0,0.0,0.0,0.0
pfboh.log,0.0,0.0,0.0,3.0,9.0,0.0,1.0,0.0,1.0,0.0,14,4,9.0,1.0,1.0,OC(F)(F)C(F)(F)C(F)(F)C(F)(F)F,4,1.0,4.0,0.0,1.0,0.0,1.0,0.0,0.0,0.0,0.0,0.0,5.0,14.0,0.0,2.0,0.0,2.0,0.0,0.0,0.0,0.0,0.0,0.0,0.0,0.0,0.0,0.0,0.0,0.0,0.0,0.0,0.0,0.0
hexane.log,0.0,0.0,0.0,5.0,14.0,0.0,0.0,0.0,0.0,0.0,19,6,14.0,0.0,0.0,FC(F)(F)C(F)(F)C(F)(F)C(F)(F)C(F)(F)C(F)(F)F,5,3.0,9.0,0.0,0.0,0.0,0.0,0.0,0.0,0.0,0.0,0.0,9.0,24.0,0.0,0.0,0.0,0.0,0.0,0.0,0.0,0.0,0.0,0.0,0.0,0.0,0.0,0.0,0.0,0.0,0.0,0.0,0.0,0.0
c4_secondary_rad.log,0.0,0.0,0.0,3.0,9.0,0.0,0.0,0.0,0.0,0.0,12,4,9.0,0.0,0.0,F[C](C(F)(F)F)C(F)(F)C(F)(F)F,3,1.0,7.0,0.0,0.0,0.0,0.0,0.0,0.0,0.0,0.0,0.0,2.0,11.0,0.0,0.0,0.0,0.0,0.0,0.0,0.0,0.0,0.0,0.0,0.0,0.0,0.0,0.0,0.0,0.0,0.0,0.0,0.0,0.0
23_ftca.log,0.0,1.0,1.0,4.0,5.0,4.0,1.0,0.0,1.0,0.0,15,5,5.0,5.0,2.0,O=C(O)CCC(F)(F)C(F)(F)F,5,2.0,3.0,4.0,2.0,0.0,1.0,0.0,0.0,0.0,0.0,0.0,2.0,6.0,4.0,0.0,0.0,0.0,0.0,2.0,0.0,4.0,4.0,0.0,0.0,0.0,0.0,0.0,0.0,0.0,0.0,0.0,0.0,1.0
2_octene.log,1.0,0.0,1.0,6.0,16.0,0.0,0.0,0.0,0.0,0.0,22,8,16.0,0.0,0.0,F/C(=C(/F)C(F)(F)C(F)(F)C(F)(F)C(F)(F)C(F)(F)F)C(F)(F)F,6,4.0,13.0,0.0,0.0,0.0,0.0,0.0,0.0,0.0,0.0,0.0,8.0,23.0,0.0,0.0,0.0,0.0,0.0,0.0,0.0,0.0,0.0,0.0,0.0,0.0,0.0,0.0,0.0,0.0,0.0,0.0,0.0,0.0
pfbcof.log,0.0,1.0,1.0,3.0,8.0,0.0,0.0,0.0,0.0,0.0,11,4,8.0,0.0,1.0,O=C(F)C(F)(F)C(F)(F)C(F)(F)F,3,1.0,3.0,0.0,1.0,0.0,0.0,0.0,0.0,0.0,0.0,0.0,5.0,12.0,0.0,2.0,0.0,0.0,0.0,0.0,0.0,0.0,0.0,0.0,0.0,0.0,0.0,0.0,0.0,0.0,0.0,0.0,0.0,0.0
c3_oco2h.log,0.0,1.0,1.0,2.0,7.0,0.0,3.0,0.0,1.0,0.0,13,4,7.0,1.0,3.0,O=C(O)OC(F)(F)C(F)(F)C(F)(F)F,5,0.0,2.0,0.0,1.0,1.0,0.0,0.0,0.0,0.0,0.0,2.0,3.0,10.0,0.0,2.0,2.0,0.0,0.0,0.0,0.0,0.0,0.0,0.0,0.0,0.0,0.0,0.0,0.0,0.0,0.0,0.0,0.0,2.0
hfp_1oh_1rad_prod.log,0.0,0.0,0.0,2.0,6.0,0.0,1.0,0.0,1.0,0.0,10,3,6.0,1.0,1.0,O[C](F)C(F)(F)C(F)(F)F,3,0.0,1.0,0.0,1.0,0.0,1.0,0.0,0.0,0.0,0.0,0.0,3.0,8.0,0.0,2.0,0.0,1.0,0.0,0.0,0.0,0.0,0.0,0.0,0.0,0.0,0.0,0.0,0.0,0.0,0.0,0.0,0.0,0.0
3_octyl.log,0.0,0.0,0.0,7.0,17.0,0.0,0.0,0.0,0.0,0.0,24,8,17.0,0.0,0.0,F[C](C(F)(F)C(F)(F)F)C(F)(F)C(F)(F)C(F)(F)C(F)(F)C(F)(F)F,7,5.0,15.0,0.0,0.0,0.0,0.0,0.0,0.0,0.0,0.0,0.0,9.0,28.0,0.0,0.0,0.0,0.0,0.0,0.0,0.0,0.0,0.0,0.0,0.0,0.0,0.0,0.0,0.0,0.0,0.0,0.0,0.0,0.0
ester_oh.log,0.0,0.0,0.0,3.0,10.0,0.0,4.0,0.0,1.0,0.0,18,5,10.0,1.0,3.0,[O]C(O)(OC(F)(F)C(F)(F)C(F)(F)F)C(F)(F)F,6,0.0,2.0,0.0,1.0,1.0,1.0,0.0,1.0,0.0,0.0,2.0,3.0,10.0,0.0,11.0,2.0,0.0,0.0,0.0,0.0,0.0,0.0,0.0,0.0,0.0,0.0,0.0,0.0,0.0,0.0,0.0,0.0,2.0
pfba.log,0.0,1.0,1.0,3.0,7.0,0.0,1.0,0.0,1.0,0.0,12,4,7.0,1.0,2.0,O=C(O)C(F)(F)C(F)(F)C(F)(F)F,4,1.0,2.0,0.0,2.0,0.0,1.0,0.0,0.0,0.0,0.0,0.0,5.0,10.0,0.0,4.0,0.0,0.0,0.0,0.0,0.0,0.0,0.0,0.0,0.0,0.0,0.0,0.0,0.0,0.0,0.0,0.0,0.0,1.0
c5_rad.log,0.0,0.0,0.0,4.0,11.0,0.0,0.0,0.0,0.0,0.0,15,5,11.0,0.0,0.0,F[C](F)C(F)(F)C(F)(F)C(F)(F)C(F)(F)F,4,2.0,9.0,0.0,0.0,0.0,0.0,0.0,0.0,0.0,0.0,0.0,4.0,18.0,0.0,0.0,0.0,0.0,0.0,0.0,0.0,0.0,0.0,0.0,0.0,0.0,0.0,0.0,0.0,0.0,0.0,0.0,0.0,0.0
cf2_2h2o_prod.log,0.0,0.0,0.0,0.0,2.0,1.0,1.0,0.0,3.0,0.0,7,1,2.0,4.0,2.0,O.OC(F)F,1,0.0,0.0,0.0,0.0,0.0,0.0,0.0,0.0,0.0,0.0,0.0,0.0,0.0,0.0,0.0,0.0,2.0,0.0,0.0,0.0,0.0,0.0,0.0,1.0,0.0,0.0,0.0,0.0,0.0,0.0,0.0,0.0,0.0
43_ftca.log,0.0,1.0,1.0,6.0,9.0,4.0,1.0,0.0,1.0,0.0,21,7,9.0,5.0,2.0,O=C(O)CCC(F)(F)C(F)(F)C(F)(F)C(F)(F)F,7,4.0,7.0,4.0,2.0,0.0,1.0,0.0,0.0,0.0,0.0,0.0,6.0,14.0,4.0,0.0,0.0,0.0,0.0,2.0,0.0,4.0,4.0,0.0,0.0,0.0,0.0,0.0,0.0,0.0,0.0,0.0,0.0,1.0
butane.log,0.0,0.0,0.0,3.0,10.0,0.0,0.0,0.0,0.0,0.0,13,4,10.0,0.0,0.0,FC(F)(F)C(F)(F)C(F)(F)C(F)(F)F,3,1.0,5.0,0.0,0.0,0.0,0.0,0.0,0.0,0.0,0.0,0.0,5.0,16.0,0.0,0.0,0.0,0.0,0.0,0.0,0.0,0.0,0.0,0.0,0.0,0.0,0.0,0.0,0.0,0.0,0.0,0.0,0.0,0.0
frd_903_0HFAts_prod_COlossprod.log,0.0,1.0,1.0,3.0,10.0,0.0,2.0,0.0,0.0,0.0,15,5,10.0,0.0,2.0,O=C(OC(F)(F)C(F)(F)C(F)(F)F)C(F)(F)F,5,0.0,2.0,0.0,1.0,1.0,0.0,0.0,1.0,0.0,0.0,1.0,3.0,10.0,0.0,8.0,2.0,0.0,0.0,0.0,0.0,0.0,0.0,0.0,0.0,0.0,0.0,0.0,0.0,0.0,0.0,0.0,0.0,0.0
c7_secondary_rad.log,0.0,0.0,0.0,6.0,15.0,0.0,0.0,0.0,0.0,0.0,21,7,15.0,0.0,0.0,F[C](C(F)(F)F)C(F)(F)C(F)(F)C(F)(F)C(F)(F)C(F)(F)F,6,4.0,13.0,0.0,0.0,0.0,0.0,0.0,0.0,0.0,0.0,0.0,8.0,23.0,0.0,0.0,0.0,0.0,0.0,0.0,0.0,0.0,0.0,0.0,0.0,0.0,0.0,0.0,0.0,0.0,0.0,0.0,0.0,0.0
1_hexane.log,0.0,1.0,1.0,5.0,11.0,0.0,1.0,0.0,1.0,0.0,18,6,11.0,1.0,2.0,O=C(O)C(F)(F)C(F)(F)C(F)(F)C(F)(F)C(F)(F)F,6,3.0,9.0,0.0,2.0,0.0,1.0,0.0,0.0,0.0,0.0,0.0,6.0,18.0,0.0,4.0,0.0,0.0,0.0,0.0,0.0,0.0,0.0,0.0,0.0,0.0,0.0,0.0,0.0,0.0,0.0,0.0,0.0,1.0
pfhxal.log,0.0,1.0,1.0,5.0,12.0,0.0,0.0,0.0,0.0,0.0,17,6,12.0,0.0,1.0,O=C(F)C(F)(F)C(F)(F)C(F)(F)C(F)(F)C(F)(F)F,5,3.0,10.0,0.0,1.0,0.0,0.0,0.0,0.0,0.0,0.0,0.0,6.0,20.0,0.0,2.0,0.0,0.0,0.0,0.0,0.0,0.0,0.0,0.0,0.0,0.0,0.0,0.0,0.0,0.0,0.0,0.0,0.0,0.0
pentene.log,1.0,0.0,1.0,3.0,10.0,0.0,0.0,0.0,0.0,0.0,13,5,10.0,0.0,0.0,FC(F)=C(F)C(F)(F)C(F)(F)C(F)(F)F,3,2.0,7.0,0.0,0.0,0.0,0.0,0.0,0.0,0.0,0.0,0.0,3.0,12.0,0.0,0.0,0.0,0.0,0.0,0.0,0.0,0.0,0.0,0.0,0.0,0.0,0.0,0.0,0.0,0.0,0.0,0.0,0.0,0.0
2_hexene.log,1.0,0.0,1.0,4.0,12.0,0.0,0.0,0.0,0.0,0.0,16,6,12.0,0.0,0.0,F/C(=C(/F)C(F)(F)C(F)(F)C(F)(F)F)C(F)(F)F,4,2.0,9.0,0.0,0.0,0.0,0.0,0.0,0.0,0.0,0.0,0.0,4.0,15.0,0.0,0.0,0.0,0.0,0.0,0.0,0.0,0.0,0.0,0.0,0.0,0.0,0.0,0.0,0.0,0.0,0.0,0.0,0.0,0.0
c2f5cof.log,0.0,1.0,1.0,2.0,6.0,0.0,0.0,0.0,0.0,0.0,8,3,6.0,0.0,1.0,O=C(F)C(F)(F)C(F)(F)F,2,0.0,1.0,0.0,1.0,0.0,0.0,0.0,0.0,0.0,0.0,0.0,3.0,8.0,0.0,2.0,0.0,0.0,0.0,0.0,0.0,0.0,0.0,0.0,0.0,0.0,0.0,0.0,0.0,0.0,0.0,0.0,0.0,0.0
cf2coho.log,0.0,1.0,1.0,1.0,2.0,0.0,1.0,0.0,1.0,0.0,5,2,2.0,1.0,2.0,O=C(O)[C](F)F,2,0.0,0.0,0.0,0.0,0.0,1.0,0.0,0.0,0.0,0.0,0.0,0.0,0.0,0.0,4.0,0.0,0.0,0.0,0.0,0.0,0.0,0.0,0.0,0.0,0.0,0.0,0.0,0.0,0.0,0.0,0.0,0.0,1.0
cf2o_oh.log,0.0,0.0,0.0,0.0,2.0,0.0,2.0,0.0,1.0,0.0,5,1,2.0,1.0,2.0,[O]C(O)(F)F,1,0.0,0.0,0.0,0.0,0.0,0.0,0.0,0.0,0.0,0.0,0.0,0.0,0.0,0.0,0.0,0.0,0.0,0.0,0.0,0.0,0.0,0.0,0.0,0.0,0.0,2.0,1.0,0.0,0.0,0.0,0.0,0.0,0.0
c4f9H_secondary.log,0.0,0.0,0.0,3.0,9.0,1.0,0.0,0.0,0.0,0.0,13,4,9.0,1.0,0.0,F[C@@H](C(F)(F)F)C(F)(F)C(F)(F)F,3,1.0,4.0,1.0,0.0,0.0,0.0,0.0,0.0,0.0,0.0,0.0,5.0,11.0,5.0,0.0,0.0,0.0,0.0,0.0,0.0,0.0,0.0,0.0,0.0,0.0,0.0,0.0,0.0,0.0,0.0,0.0,0.0,0.0
frd_c5f11o.log,0.0,0.0,0.0,3.0,11.0,0.0,2.0,0.0,0.0,0.0,16,5,11.0,0.0,1.0,F[C](OC(F)(F)C(F)(F)C(F)(F)F)C(F)(F)F,5,0.0,2.0,0.0,1.0,1.0,0.0,0.0,1.0,1.0,0.0,0.0,3.0,13.0,0.0,2.0,2.0,0.0,0.0,0.0,0.0,0.0,0.0,0.0,0.0,0.0,0.0,0.0,0.0,3.0,0.0,0.0,0.0,0.0
62ftoh.log,0.0,0.0,0.0,7.0,13.0,4.0,1.0,0.0,1.0,0.0,26,8,13.0,5.0,1.0,OCCC(F)(F)C(F)(F)C(F)(F)C(F)(F)C(F)(F)C(F)(F)F,8,5.0,11.0,4.0,1.0,0.0,1.0,0.0,0.0,0.0,0.0,0.0,10.0,22.0,4.0,0.0,0.0,0.0,0.0,0.0,0.0,4.0,2.0,0.0,2.0,0.0,0.0,0.0,0.0,0.0,0.0,0.0,0.0,0.0
cf2_h2o_ts_prod.log,0.0,0.0,0.0,0.0,2.0,1.0,1.0,0.0,1.0,0.0,5,1,2.0,2.0,1.0,OC(F)F,1,0.0,0.0,0.0,0.0,0.0,0.0,0.0,0.0,0.0,0.0,0.0,0.0,0.0,0.0,0.0,0.0,2.0,0.0,0.0,0.0,0.0,0.0,0.0,1.0,0.0,0.0,0.0,0.0,0.0,0.0,0.0,0.0,0.0
pfpnal.log,0.0,1.0,1.0,4.0,10.0,0.0,0.0,0.0,0.0,0.0,14,5,10.0,0.0,1.0,O=C(F)C(F)(F)C(F)(F)C(F)(F)C(F)(F)F,4,2.0,8.0,0.0,1.0,0.0,0.0,0.0,0.0,0.0,0.0,0.0,4.0,16.0,0.0,2.0,0.0,0.0,0.0,0.0,0.0,0.0,0.0,0.0,0.0,0.0,0.0,0.0,0.0,0.0,0.0,0.0,0.0,0.0
1_octane_c7_rad.log,0.0,0.0,0.0,6.0,15.0,0.0,0.0,0.0,0.0,0.0,21,7,15.0,0.0,0.0,F[C](F)C(F)(F)C(F)(F)C(F)(F)C(F)(F)C(F)(F)C(F)(F)F,6,4.0,13.0,0.0,0.0,0.0,0.0,0.0,0.0,0.0,0.0,0.0,8.0,26.0,0.0,0.0,0.0,0.0,0.0,0.0,0.0,0.0,0.0,0.0,0.0,0.0,0.0,0.0,0.0,0.0,0.0,0.0,0.0,0.0
4_octyl.log,0.0,0.0,0.0,7.0,17.0,0.0,0.0,0.0,0.0,0.0,24,8,17.0,0.0,0.0,F[C](C(F)(F)C(F)(F)C(F)(F)F)C(F)(F)C(F)(F)C(F)(F)C(F)(F)F,7,5.0,15.0,0.0,0.0,0.0,0.0,0.0,0.0,0.0,0.0,0.0,9.0,28.0,0.0,0.0,0.0,0.0,0.0,0.0,0.0,0.0,0.0,0.0,0.0,0.0,0.0,0.0,0.0,0.0,0.0,0.0,0.0,0.0
pentane1H.log,0.0,0.0,0.0,4.0,11.0,1.0,0.0,0.0,0.0,0.0,16,5,11.0,1.0,0.0,FC(F)C(F)(F)C(F)(F)C(F)(F)C(F)(F)F,4,2.0,9.0,1.0,0.0,0.0,0.0,0.0,0.0,0.0,0.0,0.0,4.0,18.0,2.0,0.0,0.0,0.0,0.0,0.0,0.0,0.0,0.0,0.0,0.0,0.0,0.0,0.0,0.0,0.0,0.0,0.0,0.0,0.0
52ftoh.log,0.0,0.0,0.0,6.0,11.0,4.0,1.0,0.0,1.0,0.0,23,7,11.0,5.0,1.0,OCCC(F)(F)C(F)(F)C(F)(F)C(F)(F)C(F)(F)F,7,4.0,9.0,4.0,1.0,0.0,1.0,0.0,0.0,0.0,0.0,0.0,8.0,18.0,4.0,0.0,0.0,0.0,0.0,0.0,0.0,4.0,2.0,0.0,2.0,0.0,0.0,0.0,0.0,0.0,0.0,0.0,0.0,0.0
32ftoh.log,0.0,0.0,0.0,4.0,7.0,4.0,1.0,0.0,1.0,0.0,17,5,7.0,5.0,1.0,OCCC(F)(F)C(F)(F)C(F)(F)F,5,2.0,5.0,4.0,1.0,0.0,1.0,0.0,0.0,0.0,0.0,0.0,4.0,10.0,4.0,0.0,0.0,0.0,0.0,0.0,0.0,4.0,2.0,0.0,2.0,0.0,0.0,0.0,0.0,0.0,0.0,0.0,0.0,0.0
cfoh_cis.log,0.0,0.0,0.0,0.0,1.0,0.0,1.0,0.0,1.0,0.0,3,1,1.0,1.0,1.0,O[C]F,1,0.0,0.0,0.0,0.0,0.0,0.0,0.0,0.0,0.0,0.0,0.0,0.0,0.0,0.0,0.0,0.0,1.0,0.0,0.0,0.0,0.0,0.0,0.0,0.0,0.0,0.0,0.0,0.0,0.0,0.0,0.0,0.0,0.0
c3f7o.log,0.0,0.0,0.0,2.0,7.0,0.0,1.0,0.0,0.0,0.0,10,3,7.0,0.0,1.0,[O]C(F)(F)C(F)(F)C(F)(F)F,2,0.0,2.0,0.0,1.0,0.0,0.0,0.0,0.0,0.0,0.0,0.0,3.0,10.0,0.0,2.0,0.0,0.0,0.0,0.0,0.0,0.0,0.0,0.0,0.0,0.0,0.0,0.0,0.0,0.0,0.0,0.0,0.0,0.0
n_octane_twisted.log,0.0,0.0,0.0,7.0,18.0,0.0,0.0,0.0,0.0,0.0,25,8,18.0,0.0,0.0,FC(F)(F)C(F)(F)C(F)(F)C(F)(F)C(F)(F)C(F)(F)C(F)(F)C(F)(F)F,7,5.0,13.0,0.0,0.0,0.0,0.0,0.0,0.0,0.0,0.0,0.0,13.0,32.0,0.0,0.0,0.0,0.0,0.0,0.0,0.0,0.0,0.0,0.0,0.0,0.0,0.0,0.0,0.0,0.0,0.0,0.0,0.0,0.0
frd_903_0HFAts_prod_minusHF.log,0.0,1.0,1.0,4.0,10.0,0.0,4.0,0.0,0.0,0.0,18,6,10.0,0.0,3.0,O=C1O[C@]1(OC(F)(F)C(F)(F)C(F)(F)F)C(F)(F)F,5,0.0,5.0,0.0,1.0,1.0,0.0,0.0,2.0,0.0,0.0,1.0,3.0,10.0,0.0,2.0,2.0,0.0,0.0,0.0,0.0,0.0,0.0,0.0,0.0,0.0,0.0,0.0,0.0,6.0,0.0,0.0,0.0,0.0
c4f7_o.log,0.0,1.0,1.0,3.0,7.0,0.0,0.0,0.0,0.0,0.0,10,4,7.0,0.0,1.0,O=C(F)[C](F)C(F)(F)C(F)(F)F,3,1.0,6.0,0.0,1.0,0.0,0.0,0.0,0.0,0.0,0.0,0.0,1.0,9.0,0.0,1.0,0.0,0.0,0.0,0.0,0.0,0.0,0.0,0.0,0.0,0.0,0.0,0.0,0.0,0.0,0.0,0.0,0.0,0.0
c5_prim_sec_rad_isots.log,1.0,0.0,1.0,3.0,10.0,0.0,0.0,0.0,0.0,0.0,13,5,11.0,0.0,0.0,FC(F)=C(F)C(F)(F)C(F)(F)C(F)(F)F.[F],3,2.0,6.0,0.0,0.0,0.0,0.0,0.0,0.0,0.0,0.0,0.0,4.0,12.0,0.0,0.0,0.0,0.0,0.0,0.0,0.0,0.0,0.0,0.0,0.0,0.0,0.0,0.0,0.0,0.0,0.0,0.0,0.0,0.0
c7f15oh.log,0.0,0.0,0.0,6.0,15.0,0.0,1.0,0.0,1.0,0.0,23,7,15.0,1.0,1.0,OC(F)(F)C(F)(F)C(F)(F)C(F)(F)C(F)(F)C(F)(F)C(F)(F)F,7,4.0,13.0,0.0,1.0,0.0,1.0,0.0,0.0,0.0,0.0,0.0,8.0,26.0,0.0,2.0,0.0,2.0,0.0,0.0,0.0,0.0,0.0,0.0,0.0,0.0,0.0,0.0,0.0,0.0,0.0,0.0,0.0,0.0
allyl.log,1.0,0.0,1.0,1.0,5.0,0.0,0.0,0.0,0.0,0.0,6,3,5.0,0.0,0.0,F[C](F)C(F)=C(F)F,1,0.0,2.0,0.0,0.0,0.0,0.0,0.0,0.0,0.0,0.0,0.0,0.0,2.0,0.0,0.0,0.0,0.0,0.0,0.0,0.0,0.0,0.0,0.0,0.0,0.0,0.0,0.0,0.0,0.0,0.0,0.0,0.0,0.0
c3f6oOH2nd.log,0.0,0.0,0.0,2.0,6.0,0.0,2.0,0.0,1.0,0.0,11,3,6.0,1.0,2.0,[O]C(O)(F)C(F)(F)C(F)(F)F,3,0.0,1.0,0.0,2.0,0.0,1.0,0.0,0.0,0.0,0.0,0.0,3.0,8.0,0.0,4.0,0.0,1.0,0.0,0.0,0.0,0.0,0.0,0.0,0.0,0.0,0.0,0.0,0.0,0.0,0.0,0.0,0.0,1.0
pfoa.log,0.0,1.0,1.0,7.0,15.0,0.0,1.0,0.0,1.0,0.0,24,8,15.0,1.0,2.0,O=C(O)C(F)(F)C(F)(F)C(F)(F)C(F)(F)C(F)(F)C(F)(F)C(F)(F)F,8,5.0,13.0,0.0,2.0,0.0,1.0,0.0,0.0,0.0,0.0,0.0,10.0,26.0,0.0,4.0,0.0,0.0,0.0,0.0,0.0,0.0,0.0,0.0,0.0,0.0,0.0,0.0,0.0,0.0,0.0,0.0,0.0,1.0
pfhxoh.log,0.0,0.0,0.0,5.0,13.0,0.0,1.0,0.0,1.0,0.0,20,6,13.0,1.0,1.0,OC(F)(F)C(F)(F)C(F)(F)C(F)(F)C(F)(F)C(F)(F)F,6,3.0,11.0,0.0,1.0,0.0,1.0,0.0,0.0,0.0,0.0,0.0,6.0,22.0,0.0,2.0,0.0,2.0,0.0,0.0,0.0,0.0,0.0,0.0,0.0,0.0,0.0,0.0,0.0,0.0,0.0,0.0,0.0,0.0
62rh.log,0.0,0.0,0.0,7.0,13.0,5.0,0.0,0.0,0.0,0.0,25,8,13.0,5.0,0.0,CCC(F)(F)C(F)(F)C(F)(F)C(F)(F)C(F)(F)C(F)(F)F,7,5.0,8.0,5.0,0.0,0.0,0.0,0.0,0.0,0.0,0.0,0.0,13.0,22.0,4.0,0.0,0.0,0.0,0.0,0.0,0.0,6.0,0.0,0.0,0.0,0.0,0.0,0.0,0.0,0.0,0.0,0.0,0.0,0.0
c6_rad.log,0.0,0.0,0.0,5.0,13.0,0.0,0.0,0.0,0.0,0.0,18,6,13.0,0.0,0.0,F[C](F)C(F)(F)C(F)(F)C(F)(F)C(F)(F)C(F)(F)F,5,3.0,11.0,0.0,0.0,0.0,0.0,0.0,0.0,0.0,0.0,0.0,6.0,22.0,0.0,0.0,0.0,0.0,0.0,0.0,0.0,0.0,0.0,0.0,0.0,0.0,0.0,0.0,0.0,0.0,0.0,0.0,0.0,0.0
1_octane_c8_rad.log,0.0,0.0,0.0,7.0,17.0,0.0,0.0,0.0,0.0,0.0,24,8,17.0,0.0,0.0,F[C](F)C(F)(F)C(F)(F)C(F)(F)C(F)(F)C(F)(F)C(F)(F)C(F)(F)F,7,5.0,15.0,0.0,0.0,0.0,0.0,0.0,0.0,0.0,0.0,0.0,10.0,30.0,0.0,0.0,0.0,0.0,0.0,0.0,0.0,0.0,0.0,0.0,0.0,0.0,0.0,0.0,0.0,0.0,0.0,0.0,0.0,0.0
c2h6.log,0.0,0.0,0.0,1.0,0.0,6.0,0.0,0.0,0.0,0.0,7,2,0.0,6.0,0.0,CC,1,0.0,0.0,0.0,0.0,0.0,0.0,0.0,0.0,0.0,0.0,0.0,0.0,0.0,0.0,0.0,0.0,0.0,0.0,0.0,0.0,9.0,0.0,0.0,0.0,0.0,0.0,0.0,0.0,0.0,0.0,0.0,0.0,0.0
3_pentyl.log,0.0,0.0,0.0,5.0,13.0,0.0,0.0,0.0,0.0,0.0,18,6,13.0,0.0,0.0,F[C](C(F)(F)C(F)(F)F)C(F)(F)C(F)(F)C(F)(F)F,5,3.0,11.0,0.0,0.0,0.0,0.0,0.0,0.0,0.0,0.0,0.0,5.0,20.0,0.0,0.0,0.0,0.0,0.0,0.0,0.0,0.0,0.0,0.0,0.0,0.0,0.0,0.0,0.0,0.0,0.0,0.0,0.0,0.0
c3f7oh.log,0.0,0.0,0.0,2.0,7.0,0.0,1.0,0.0,1.0,0.0,11,3,7.0,1.0,1.0,OC(F)(F)C(F)(F)C(F)(F)F,3,0.0,2.0,0.0,1.0,0.0,1.0,0.0,0.0,0.0,0.0,0.0,3.0,10.0,0.0,2.0,0.0,2.0,0.0,0.0,0.0,0.0,0.0,0.0,0.0,0.0,0.0,0.0,0.0,0.0,0.0,0.0,0.0,0.0
61_heptene.log,1.0,0.0,1.0,5.0,12.0,2.0,0.0,0.0,0.0,0.0,19,7,12.0,2.0,0.0,C=C(F)C(F)(F)C(F)(F)C(F)(F)C(F)(F)C(F)(F)F,5,4.0,10.0,0.0,0.0,0.0,0.0,0.0,0.0,0.0,0.0,0.0,8.0,20.0,0.0,0.0,0.0,0.0,0.0,0.0,0.0,0.0,0.0,0.0,0.0,0.0,0.0,0.0,0.0,0.0,0.0,0.0,0.0,0.0
c3f6o2_1st.log,0.0,0.0,0.0,2.0,6.0,0.0,1.0,0.0,0.0,1.0,10,3,6.0,0.0,2.0,[O]OC(F)(F)[C](F)C(F)(F)F,3,0.0,5.0,0.0,1.0,0.0,0.0,1.0,0.0,0.0,0.0,0.0,0.0,5.0,0.0,1.0,0.0,0.0,2.0,0.0,0.0,0.0,0.0,0.0,0.0,0.0,0.0,0.0,0.0,0.0,0.0,0.0,0.0,0.0
hfp_2oh.log,0.0,0.0,0.0,2.0,6.0,0.0,1.0,0.0,1.0,0.0,10,3,6.0,1.0,1.0,O[C@](F)([C](F)F)C(F)(F)F,3,0.0,2.0,0.0,0.0,0.0,2.0,0.0,0.0,0.0,0.0,0.0,3.0,5.0,0.0,3.0,0.0,1.0,0.0,0.0,0.0,0.0,0.0,0.0,0.0,0.0,0.0,0.0,0.0,2.0,0.0,0.0,0.0,0.0
52rh.log,0.0,0.0,0.0,6.0,11.0,5.0,0.0,0.0,0.0,0.0,22,7,11.0,5.0,0.0,CCC(F)(F)C(F)(F)C(F)(F)C(F)(F)C(F)(F)F,6,4.0,6.0,5.0,0.0,0.0,0.0,0.0,0.0,0.0,0.0,0.0,11.0,18.0,4.0,0.0,0.0,0.0,0.0,0.0,0.0,6.0,0.0,0.0,0.0,0.0,0.0,0.0,0.0,0.0,0.0,0.0,0.0,0.0
cpropane_intts_prod.log,0.0,0.0,0.0,2.0,6.0,0.0,0.0,0.0,0.0,0.0,8,3,6.0,0.0,0.0,F[C](F)C(F)(F)[C](F)F,2,0.0,0.0,0.0,0.0,0.0,0.0,0.0,0.0,0.0,0.0,0.0,4.0,8.0,0.0,0.0,0.0,0.0,0.0,0.0,0.0,0.0,0.0,0.0,0.0,0.0,0.0,0.0,0.0,0.0,0.0,0.0,0.0,0.0
pfpra.log,0.0,1.0,1.0,2.0,5.0,0.0,1.0,0.0,1.0,0.0,9,3,5.0,1.0,2.0,O=C(O)C(F)(F)C(F)(F)F,3,0.0,0.0,0.0,2.0,0.0,1.0,0.0,0.0,0.0,0.0,0.0,3.0,6.0,0.0,4.0,0.0,0.0,0.0,0.0,0.0,0.0,0.0,0.0,0.0,0.0,0.0,0.0,0.0,0.0,0.0,0.0,0.0,1.0
propane1H.log,0.0,0.0,0.0,2.0,7.0,1.0,0.0,0.0,0.0,0.0,10,3,7.0,1.0,0.0,FC(F)C(F)(F)C(F)(F)F,2,0.0,2.0,1.0,0.0,0.0,0.0,0.0,0.0,0.0,0.0,0.0,3.0,10.0,2.0,0.0,0.0,0.0,0.0,0.0,0.0,0.0,0.0,0.0,0.0,0.0,0.0,0.0,0.0,0.0,0.0,0.0,0.0,0.0
32rh.log,0.0,0.0,0.0,4.0,7.0,5.0,0.0,0.0,0.0,0.0,16,5,7.0,5.0,0.0,CCC(F)(F)C(F)(F)C(F)(F)F,4,2.0,2.0,5.0,0.0,0.0,0.0,0.0,0.0,0.0,0.0,0.0,7.0,10.0,4.0,0.0,0.0,0.0,0.0,0.0,0.0,6.0,0.0,0.0,0.0,0.0,0.0,0.0,0.0,0.0,0.0,0.0,0.0,0.0
4_heptyl.log,0.0,0.0,0.0,6.0,15.0,0.0,0.0,0.0,0.0,0.0,21,7,15.0,0.0,0.0,F[C](C(F)(F)C(F)(F)C(F)(F)F)C(F)(F)C(F)(F)C(F)(F)F,6,4.0,13.0,0.0,0.0,0.0,0.0,0.0,0.0,0.0,0.0,0.0,7.0,24.0,0.0,0.0,0.0,0.0,0.0,0.0,0.0,0.0,0.0,0.0,0.0,0.0,0.0,0.0,0.0,0.0,0.0,0.0,0.0,0.0
71_octene.log,1.0,0.0,1.0,6.0,14.0,2.0,0.0,0.0,0.0,0.0,22,8,14.0,2.0,0.0,C=C(F)C(F)(F)C(F)(F)C(F)(F)C(F)(F)C(F)(F)C(F)(F)F,6,5.0,12.0,0.0,0.0,0.0,0.0,0.0,0.0,0.0,0.0,0.0,10.0,24.0,0.0,0.0,0.0,0.0,0.0,0.0,0.0,0.0,0.0,0.0,0.0,0.0,0.0,0.0,0.0,0.0,0.0,0.0,0.0,0.0
32_pentene.log,1.0,0.0,1.0,3.0,7.0,3.0,0.0,0.0,0.0,0.0,13,5,7.0,3.0,0.0,C=CC(F)(F)C(F)(F)C(F)(F)F,3,2.0,5.0,1.0,0.0,0.0,0.0,0.0,0.0,0.0,0.0,0.0,4.0,10.0,2.0,0.0,0.0,0.0,0.0,0.0,0.0,0.0,0.0,0.0,0.0,0.0,0.0,0.0,0.0,0.0,0.0,0.0,0.0,0.0
cf2_tfa_prod.log,0.0,1.0,1.0,1.0,5.0,1.0,2.0,0.0,0.0,0.0,9,3,5.0,1.0,2.0,O=C(OC(F)F)C(F)(F)F,3,0.0,0.0,0.0,0.0,1.0,0.0,0.0,0.0,0.0,0.0,0.0,0.0,0.0,0.0,6.0,2.0,0.0,0.0,0.0,0.0,0.0,0.0,1.0,0.0,0.0,0.0,0.0,0.0,0.0,0.0,0.0,1.0,0.0
octene.log,1.0,0.0,1.0,6.0,16.0,0.0,0.0,0.0,0.0,0.0,22,8,16.0,0.0,0.0,FC(F)=C(F)C(F)(F)C(F)(F)C(F)(F)C(F)(F)C(F)(F)C(F)(F)F,6,5.0,12.0,0.0,0.0,0.0,0.0,0.0,0.0,0.0,0.0,0.0,10.0,24.0,0.0,0.0,0.0,0.0,0.0,0.0,0.0,0.0,0.0,0.0,0.0,0.0,0.0,0.0,0.0,0.0,0.0,0.0,0.0,0.0
e1.log,0.0,0.0,0.0,3.0,11.0,1.0,2.0,0.0,0.0,0.0,17,5,11.0,1.0,1.0,F[C@@H](OC(F)(F)C(F)(F)C(F)(F)F)C(F)(F)F,5,0.0,2.0,0.0,1.0,1.0,0.0,0.0,1.0,1.0,1.0,0.0,3.0,13.0,0.0,2.0,2.0,0.0,0.0,0.0,3.0,0.0,0.0,0.0,0.0,0.0,0.0,0.0,0.0,3.0,0.0,0.0,0.0,0.0
33_ftca.log,0.0,1.0,1.0,5.0,7.0,4.0,1.0,0.0,1.0,0.0,18,6,7.0,5.0,2.0,O=C(O)CCC(F)(F)C(F)(F)C(F)(F)F,6,3.0,5.0,4.0,2.0,0.0,1.0,0.0,0.0,0.0,0.0,0.0,4.0,10.0,4.0,0.0,0.0,0.0,0.0,2.0,0.0,4.0,4.0,0.0,0.0,0.0,0.0,0.0,0.0,0.0,0.0,0.0,0.0,1.0
2_pentene.log,1.0,0.0,1.0,3.0,10.0,0.0,0.0,0.0,0.0,0.0,13,5,10.0,0.0,0.0,F/C(=C(/F)C(F)(F)C(F)(F)F)C(F)(F)F,3,1.0,7.0,0.0,0.0,0.0,0.0,0.0,0.0,0.0,0.0,0.0,2.0,11.0,0.0,0.0,0.0,0.0,0.0,0.0,0.0,0.0,0.0,0.0,0.0,0.0,0.0,0.0,0.0,0.0,0.0,0.0,0.0,0.0
tfcof_oh.log,0.0,0.0,0.0,1.0,4.0,0.0,2.0,0.0,1.0,0.0,8,2,4.0,1.0,2.0,[O]C(O)(F)C(F)(F)F,2,0.0,0.0,0.0,0.0,0.0,1.0,0.0,0.0,0.0,0.0,0.0,0.0,3.0,0.0,6.0,0.0,1.0,0.0,0.0,0.0,0.0,0.0,0.0,0.0,0.0,0.0,0.0,0.0,0.0,0.0,0.0,0.0,1.0
cf3cfoh.log,0.0,0.0,0.0,1.0,4.0,0.0,1.0,0.0,1.0,0.0,7,2,4.0,1.0,1.0,O[C](F)C(F)(F)F,2,0.0,0.0,0.0,0.0,0.0,1.0,0.0,0.0,0.0,0.0,0.0,0.0,3.0,0.0,0.0,0.0,1.0,0.0,0.0,0.0,0.0,0.0,0.0,0.0,0.0,0.0,0.0,0.0,3.0,0.0,0.0,0.0,0.0
22_butene.log,1.0,0.0,1.0,2.0,5.0,3.0,0.0,0.0,0.0,0.0,10,4,5.0,3.0,0.0,C=CC(F)(F)C(F)(F)F,2,1.0,3.0,1.0,0.0,0.0,0.0,0.0,0.0,0.0,0.0,0.0,2.0,6.0,2.0,0.0,0.0,0.0,0.0,0.0,0.0,0.0,0.0,0.0,0.0,0.0,0.0,0.0,0.0,0.0,0.0,0.0,0.0,0.0
1H_hexane.log,0.0,0.0,0.0,5.0,13.0,1.0,0.0,0.0,0.0,0.0,19,6,13.0,1.0,0.0,FC(F)C(F)(F)C(F)(F)C(F)(F)C(F)(F)C(F)(F)F,5,3.0,8.0,1.0,0.0,0.0,0.0,0.0,0.0,0.0,0.0,0.0,9.0,22.0,2.0,0.0,0.0,0.0,0.0,0.0,0.0,0.0,0.0,0.0,0.0,0.0,0.0,0.0,0.0,0.0,0.0,0.0,0.0,0.0
22rh.log,0.0,0.0,0.0,3.0,5.0,5.0,0.0,0.0,0.0,0.0,13,4,5.0,5.0,0.0,CCC(F)(F)C(F)(F)F,3,1.0,0.0,5.0,0.0,0.0,0.0,0.0,0.0,0.0,0.0,0.0,5.0,6.0,4.0,0.0,0.0,0.0,0.0,0.0,0.0,6.0,0.0,0.0,0.0,0.0,0.0,0.0,0.0,0.0,0.0,0.0,0.0,0.0
62_octene.log,1.0,0.0,1.0,6.0,13.0,3.0,0.0,0.0,0.0,0.0,22,8,13.0,3.0,0.0,C=CC(F)(F)C(F)(F)C(F)(F)C(F)(F)C(F)(F)C(F)(F)F,6,5.0,11.0,1.0,0.0,0.0,0.0,0.0,0.0,0.0,0.0,0.0,10.0,22.0,2.0,0.0,0.0,0.0,0.0,0.0,0.0,0.0,0.0,0.0,0.0,0.0,0.0,0.0,0.0,0.0,0.0,0.0,0.0,0.0
butylallyl.log,1.0,0.0,1.0,2.0,7.0,0.0,0.0,0.0,0.0,0.0,9,4,7.0,0.0,0.0,F[C](C(F)=C(F)F)C(F)(F)F,2,1.0,4.0,0.0,0.0,0.0,0.0,0.0,0.0,0.0,0.0,0.0,1.0,4.0,0.0,0.0,0.0,0.0,0.0,0.0,0.0,0.0,0.0,0.0,0.0,0.0,0.0,0.0,0.0,0.0,0.0,0.0,0.0,0.0
c2f3_o.log,0.0,1.0,1.0,1.0,3.0,0.0,0.0,0.0,0.0,0.0,4,2,3.0,0.0,1.0,O=C(F)[C](F)F,1,0.0,0.0,0.0,0.0,0.0,0.0,0.0,0.0,0.0,0.0,0.0,0.0,2.0,0.0,2.0,0.0,0.0,0.0,0.0,0.0,0.0,0.0,0.0,0.0,0.0,0.0,0.0,0.0,0.0,0.0,0.0,0.0,0.0
c2f4_oh.log,0.0,0.0,0.0,1.0,4.0,0.0,1.0,0.0,1.0,0.0,7,2,4.0,1.0,1.0,OC(F)(F)[C](F)F,2,0.0,0.0,0.0,0.0,0.0,1.0,0.0,0.0,0.0,0.0,0.0,0.0,4.0,0.0,2.0,0.0,2.0,0.0,0.0,0.0,0.0,0.0,0.0,0.0,0.0,0.0,0.0,0.0,0.0,0.0,0.0,0.0,0.0
heptane.log,0.0,0.0,0.0,6.0,16.0,0.0,0.0,0.0,0.0,0.0,22,7,16.0,0.0,0.0,FC(F)(F)C(F)(F)C(F)(F)C(F)(F)C(F)(F)C(F)(F)C(F)(F)F,6,4.0,11.0,0.0,0.0,0.0,0.0,0.0,0.0,0.0,0.0,0.0,11.0,28.0,0.0,0.0,0.0,0.0,0.0,0.0,0.0,0.0,0.0,0.0,0.0,0.0,0.0,0.0,0.0,0.0,0.0,0.0,0.0,0.0
2_heptene.log,1.0,0.0,1.0,5.0,14.0,0.0,0.0,0.0,0.0,0.0,19,7,14.0,0.0,0.0,F/C(=C(/F)C(F)(F)C(F)(F)C(F)(F)C(F)(F)F)C(F)(F)F,5,3.0,11.0,0.0,0.0,0.0,0.0,0.0,0.0,0.0,0.0,0.0,6.0,19.0,0.0,0.0,0.0,0.0,0.0,0.0,0.0,0.0,0.0,0.0,0.0,0.0,0.0,0.0,0.0,0.0,0.0,0.0,0.0,0.0
42ftoh.log,0.0,0.0,0.0,5.0,9.0,4.0,1.0,0.0,1.0,0.0,20,6,9.0,5.0,1.0,OCCC(F)(F)C(F)(F)C(F)(F)C(F)(F)F,6,3.0,7.0,4.0,1.0,0.0,1.0,0.0,0.0,0.0,0.0,0.0,6.0,14.0,4.0,0.0,0.0,0.0,0.0,0.0,0.0,4.0,2.0,0.0,2.0,0.0,0.0,0.0,0.0,0.0,0.0,0.0,0.0,0.0
hexene.log,1.0,0.0,1.0,4.0,12.0,0.0,0.0,0.0,0.0,0.0,16,6,12.0,0.0,0.0,FC(F)=C(F)C(F)(F)C(F)(F)C(F)(F)C(F)(F)F,4,3.0,8.0,0.0,0.0,0.0,0.0,0.0,0.0,0.0,0.0,0.0,6.0,16.0,0.0,0.0,0.0,0.0,0.0,0.0,0.0,0.0,0.0,0.0,0.0,0.0,0.0,0.0,0.0,0.0,0.0,0.0,0.0,0.0
pfooh.log,0.0,0.0,0.0,7.0,17.0,0.0,1.0,0.0,1.0,0.0,26,8,17.0,1.0,1.0,OC(F)(F)C(F)(F)C(F)(F)C(F)(F)C(F)(F)C(F)(F)C(F)(F)C(F)(F)F,8,5.0,15.0,0.0,1.0,0.0,1.0,0.0,0.0,0.0,0.0,0.0,10.0,30.0,0.0,2.0,0.0,2.0,0.0,0.0,0.0,0.0,0.0,0.0,0.0,0.0,0.0,0.0,0.0,0.0,0.0,0.0,0.0,0.0
cf2o2_rad.log,0.0,0.0,0.0,0.0,2.0,0.0,1.0,0.0,0.0,1.0,4,1,2.0,0.0,2.0,[O]O[C](F)F,1,0.0,0.0,0.0,0.0,0.0,0.0,0.0,0.0,0.0,0.0,0.0,0.0,0.0,0.0,0.0,0.0,0.0,2.0,0.0,0.0,0.0,0.0,0.0,0.0,0.0,0.0,0.0,0.0,0.0,0.0,0.0,0.0,0.0
propane.log,0.0,0.0,0.0,2.0,0.0,8.0,0.0,0.0,0.0,0.0,10,3,0.0,8.0,0.0,CCC,2,0.0,0.0,6.0,0.0,0.0,0.0,0.0,0.0,0.0,0.0,0.0,0.0,0.0,0.0,0.0,0.0,0.0,0.0,0.0,0.0,12.0,0.0,0.0,0.0,0.0,0.0,0.0,0.0,0.0,0.0,0.0,0.0,0.0
cf3cf2chf.log,0.0,0.0,0.0,2.0,6.0,1.0,0.0,0.0,0.0,0.0,9,3,6.0,1.0,0.0,F[CH]C(F)(F)C(F)(F)F,2,0.0,3.0,0.0,0.0,0.0,0.0,0.0,0.0,0.0,0.0,0.0,1.0,8.0,0.0,0.0,0.0,0.0,0.0,1.0,2.0,0.0,0.0,0.0,0.0,0.0,0.0,0.0,0.0,0.0,0.0,0.0,0.0,0.0
hfp_2oh_1rad_prod.log,0.0,0.0,0.0,2.0,6.0,0.0,1.0,0.0,1.0,0.0,10,3,6.0,1.0,1.0,O[C@@](F)([C](F)F)C(F)(F)F,3,0.0,2.0,0.0,0.0,0.0,2.0,0.0,0.0,0.0,0.0,0.0,3.0,5.0,0.0,3.0,0.0,1.0,0.0,0.0,0.0,0.0,0.0,0.0,0.0,0.0,0.0,0.0,0.0,2.0,0.0,0.0,0.0,0.0
2Hbutane.log,0.0,0.0,0.0,3.0,9.0,1.0,0.0,0.0,0.0,0.0,13,4,9.0,1.0,0.0,F[C@H](C(F)(F)F)C(F)(F)C(F)(F)F,3,1.0,5.0,0.0,0.0,0.0,0.0,0.0,0.0,0.0,0.0,0.0,4.0,11.0,3.0,0.0,0.0,0.0,0.0,1.0,2.0,0.0,0.0,0.0,0.0,0.0,0.0,0.0,0.0,0.0,0.0,0.0,0.0,0.0
hfp_1oh_ts.log,1.0,0.0,1.0,1.0,5.0,0.0,1.0,0.0,1.0,0.0,8,3,6.0,1.0,1.0,O/C(F)=C(/F)C(F)(F)F.[F],2,0.0,0.0,0.0,0.0,0.0,1.0,0.0,0.0,0.0,0.0,0.0,3.0,3.0,0.0,0.0,0.0,1.0,0.0,0.0,0.0,0.0,0.0,0.0,0.0,0.0,0.0,0.0,0.0,0.0,0.0,0.0,0.0,0.0
3_heptyl.log,0.0,0.0,0.0,6.0,15.0,0.0,0.0,0.0,0.0,0.0,21,7,15.0,0.0,0.0,F[C](C(F)(F)C(F)(F)F)C(F)(F)C(F)(F)C(F)(F)C(F)(F)F,6,4.0,13.0,0.0,0.0,0.0,0.0,0.0,0.0,0.0,0.0,0.0,7.0,24.0,0.0,0.0,0.0,0.0,0.0,0.0,0.0,0.0,0.0,0.0,0.0,0.0,0.0,0.0,0.0,0.0,0.0,0.0,0.0,0.0
51_hexene.log,1.0,0.0,1.0,4.0,10.0,2.0,0.0,0.0,0.0,0.0,16,6,10.0,2.0,0.0,C=C(F)C(F)(F)C(F)(F)C(F)(F)C(F)(F)F,4,3.0,8.0,0.0,0.0,0.0,0.0,0.0,0.0,0.0,0.0,0.0,6.0,16.0,0.0,0.0,0.0,0.0,0.0,0.0,0.0,0.0,0.0,0.0,0.0,0.0,0.0,0.0,0.0,0.0,0.0,0.0,0.0,0.0
cf2hcf2.log,0.0,0.0,0.0,1.0,4.0,1.0,0.0,0.0,0.0,0.0,6,2,4.0,1.0,0.0,F[C](F)C(F)F,1,0.0,0.0,0.0,0.0,0.0,0.0,0.0,0.0,0.0,0.0,0.0,0.0,4.0,2.0,0.0,0.0,0.0,0.0,0.0,0.0,0.0,0.0,0.0,0.0,0.0,0.0,0.0,0.0,0.0,0.0,0.0,0.0,0.0
c3f5co.log,0.0,1.0,1.0,2.0,5.0,0.0,0.0,0.0,0.0,0.0,7,3,5.0,0.0,1.0,O=C(F)[C](F)C(F)(F)F,2,0.0,1.0,0.0,1.0,0.0,0.0,0.0,0.0,0.0,0.0,0.0,3.0,4.0,0.0,1.0,0.0,0.0,0.0,0.0,0.0,0.0,0.0,0.0,0.0,0.0,0.0,0.0,0.0,0.0,0.0,0.0,0.0,0.0
cbutane_diradical.log,0.0,0.0,0.0,3.0,8.0,0.0,0.0,0.0,0.0,0.0,11,4,8.0,0.0,0.0,F[C](F)C(F)(F)C(F)(F)[C](F)F,3,1.0,2.0,0.0,0.0,0.0,0.0,0.0,0.0,0.0,0.0,0.0,6.0,12.0,0.0,0.0,0.0,0.0,0.0,0.0,0.0,0.0,0.0,0.0,0.0,0.0,0.0,0.0,0.0,0.0,0.0,0.0,0.0,0.0
